PDS_VERSION_ID         = PDS3
RECORD_TYPE            = STREAM
OBJECT                 = TEXT
  PUBLICATION_DATE     = 2019-04-02
  INTERCHANGE_FORMAT   = ASCII
  NOTE                 = "File contaning bitweight corrrection for NAC, gain 
                         state 2, and temperature +5 degrees Celsius derived 
                         during ground calibration."
END_OBJECT             = TEXT
END

\begindata
      0.00000
      1.00000
      2.00000
      3.00000
      4.00000
      5.00000
      6.00000
      7.00000
      8.00000
      9.00000
      10.0000
      11.0000
      12.0000
      13.0000
      14.0000
      15.0000
      16.0000
      17.0000
      18.0000
      19.0000
      20.0000
      21.0000
      22.0000
      23.0000
      24.0000
      25.0000
      26.0000
      27.0000
      28.0000
      29.0000
      30.0000
      31.0000
      32.0000
      33.0000
      34.0000
      35.0000
      36.0000
      37.0000
      38.0000
      39.0000
      40.0000
      41.0000
      42.0000
      43.0000
      44.0000
      45.0000
      46.0000
      47.0000
      48.0000
      49.0000
      50.0000
      51.0000
      52.0000
      53.0000
      54.0000
      55.0000
      56.0000
      57.0000
      58.0000
      59.0000
      60.0000
      61.0000
      62.0000
      63.0000
      64.0000
      65.0000
      66.0000
      67.0000
      68.0000
      69.0000
      70.0000
      71.0000
      72.0000
      73.0000
      74.0000
      75.0000
      76.0000
      77.0000
      78.0000
      79.0000
      80.0000
      81.0000
      82.0000
      83.0000
      84.0000
      85.0000
      86.0000
      87.0000
      88.0000
      89.0000
      90.0000
      91.0000
      92.0000
      93.0000
      94.0000
      95.0000
      96.0000
      97.0000
      98.0000
      99.0000
      100.000
      101.000
      102.000
      103.000
      104.000
      105.000
      106.000
      107.000
      108.000
      109.000
      110.000
      111.000
      112.000
      113.000
      114.000
      115.000
      116.000
      117.000
      118.000
      119.000
      120.000
      120.990
      121.990
      122.980
      124.000
      125.010
      125.990
      126.980
      127.980
      128.980
      129.980
      130.970
      131.990
      133.010
      133.990
      134.960
      135.980
      137.010
      137.990
      138.960
      139.980
      141.000
      141.990
      142.960
      143.970
      145.000
      145.990
      146.980
      148.000
      149.000
      149.990
      150.950
      151.950
      152.990
      153.990
      154.990
      156.010
      157.000
      157.980
      158.960
      159.960
      160.990
      161.990
      162.990
      164.000
      165.000
      165.990
      166.960
      167.970
      168.990
      169.990
      170.980
      172.000
      173.000
      173.990
      174.970
      175.970
      176.990
      177.990
      178.990
      180.000
      181.000
      181.990
      182.970
      183.980
      185.000
      185.990
      186.990
      188.000
      189.010
      189.990
      190.930
      191.950
      193.020
      194.010
      194.990
      195.990
      197.010
      197.990
      198.950
      199.950
      201.000
      202.000
      202.990
      204.000
      205.010
      205.990
      206.960
      207.960
      208.990
      210.000
      210.980
      212.000
      213.010
      213.990
      214.950
      215.960
      216.990
      217.990
      218.980
      220.010
      221.010
      221.990
      222.950
      223.940
      224.990
      225.990
      227.000
      228.020
      229.010
      229.980
      230.950
      231.960
      232.990
      233.990
      235.000
      236.010
      237.010
      237.990
      238.960
      239.960
      240.980
      241.990
      243.000
      244.020
      245.000
      245.980
      246.950
      247.960
      249.000
      250.000
      250.990
      252.010
      253.020
      254.000
      254.910
      255.930
      257.040
      258.020
      258.980
      259.990
      261.010
      261.990
      262.940
      263.950
      265.010
      266.000
      266.970
      267.990
      269.030
      269.990
      270.940
      271.950
      273.000
      274.010
      274.990
      276.000
      277.010
      277.990
      278.940
      279.960
      281.020
      282.000
      282.980
      284.000
      285.010
      285.990
      286.950
      287.960
      289.000
      289.990
      291.000
      292.010
      293.010
      293.990
      294.950
      295.960
      296.990
      297.990
      298.990
      300.010
      301.010
      302.000
      302.970
      303.960
      304.980
      305.980
      307.000
      308.020
      309.010
      309.980
      310.940
      311.960
      313.000
      314.000
      314.990
      316.010
      317.030
      317.990
      318.920
      319.940
      321.020
      322.020
      322.980
      323.990
      325.010
      326.000
      326.950
      327.970
      329.020
      330.000
      330.970
      331.980
      333.010
      333.990
      334.960
      335.970
      337.010
      338.000
      338.980
      339.990
      341.010
      341.990
      342.940
      343.960
      345.020
      346.010
      346.980
      348.000
      349.010
      349.990
      350.940
      351.960
      353.010
      354.000
      355.000
      356.010
      357.010
      357.990
      358.950
      359.960
      361.000
      362.000
      362.990
      364.010
      365.010
      365.990
      366.970
      367.970
      368.990
      369.980
      370.990
      372.010
      373.000
      374.000
      374.960
      375.960
      377.000
      378.000
      378.990
      380.000
      381.000
      381.970
      382.950
      383.980
      385.010
      386.000
      386.990
      388.010
      389.010
      389.980
      390.940
      391.960
      393.010
      394.010
      394.980
      396.000
      397.010
      397.990
      398.960
      399.960
      401.000
      402.000
      402.990
      404.000
      405.010
      405.990
      406.940
      407.950
      409.010
      410.000
      411.000
      412.020
      413.010
      413.980
      414.930
      415.950
      417.000
      418.010
      419.020
      420.020
      420.990
      421.980
      422.950
      423.960
      425.000
      425.990
      426.990
      428.020
      429.010
      429.990
      430.960
      431.960
      432.990
      433.990
      435.000
      436.020
      437.000
      437.980
      438.950
      439.960
      441.010
      442.010
      443.000
      444.000
      445.010
      445.990
      446.920
      447.950
      449.030
      450.010
      451.000
      452.000
      453.000
      453.990
      454.950
      455.960
      457.010
      458.000
      458.980
      460.000
      461.010
      461.990
      462.960
      463.960
      464.990
      465.990
      466.990
      468.010
      469.020
      469.990
      470.940
      471.960
      473.010
      474.000
      474.990
      476.010
      477.010
      477.990
      478.950
      479.960
      481.000
      482.000
      483.000
      484.020
      485.000
      485.980
      486.960
      487.970
      488.990
      489.990
      491.000
      492.020
      493.020
      493.990
      494.950
      495.960
      497.000
      498.000
      499.000
      500.010
      501.000
      501.980
      502.960
      503.980
      505.030
      506.020
      506.990
      507.980
      508.960
      509.910
      511.040
      512.080
      512.980
      513.970
      514.970
      515.990
      517.000
      517.990
      518.940
      519.970
      521.020
      522.010
      522.980
      523.990
      525.010
      525.990
      526.960
      527.960
      529.000
      530.000
      530.990
      532.000
      533.010
      533.990
      534.950
      535.960
      537.010
      538.000
      538.980
      540.000
      541.020
      541.980
      542.940
      543.960
      545.010
      546.010
      547.010
      548.010
      549.000
      549.980
      550.940
      551.960
      553.010
      554.010
      555.000
      556.010
      557.010
      557.990
      558.960
      559.960
      561.000
      562.000
      563.000
      564.010
      565.010
      565.990
      566.950
      567.960
      569.000
      570.000
      570.990
      572.010
      573.030
      574.000
      574.930
      575.940
      577.020
      578.010
      578.990
      580.000
      581.010
      581.990
      582.950
      583.960
      585.010
      586.000
      586.980
      587.990
      589.020
      590.000
      590.950
      591.960
      593.010
      594.000
      594.990
      596.000
      597.000
      597.990
      598.950
      599.960
      601.010
      602.010
      602.990
      604.010
      605.020
      605.990
      606.940
      607.950
      609.010
      610.000
      611.000
      612.010
      613.010
      613.990
      614.960
      615.960
      616.990
      618.000
      619.000
      620.010
      621.010
      621.990
      622.960
      623.960
      625.000
      626.000
      627.000
      628.010
      629.000
      629.980
      630.950
      631.960
      633.010
      634.020
      635.000
      636.010
      637.000
      637.960
      638.960
      639.980
      641.000
      642.000
      643.000
      644.000
      645.000
      645.990
      646.950
      647.960
      649.010
      650.000
      650.990
      652.000
      653.010
      653.990
      654.960
      655.960
      657.000
      658.000
      659.000
      660.010
      661.000
      661.990
      662.950
      663.960
      665.010
      666.000
      666.990
      668.010
      669.010
      669.990
      670.940
      671.950
      673.000
      674.000
      675.010
      676.020
      677.000
      677.980
      678.950
      679.970
      681.000
      682.000
      683.000
      684.010
      685.010
      685.990
      686.970
      687.960
      688.990
      690.000
      691.010
      692.020
      693.010
      693.980
      694.940
      695.960
      697.010
      698.010
      699.000
      700.010
      701.020
      702.000
      702.930
      703.940
      705.030
      706.010
      707.000
      708.010
      709.020
      709.990
      710.950
      711.960
      713.010
      714.010
      714.990
      716.000
      717.020
      718.000
      718.960
      719.960
      721.000
      721.990
      722.990
      724.010
      725.020
      726.000
      726.950
      727.950
      729.000
      730.000
      731.000
      732.020
      733.020
      734.000
      734.940
      735.950
      737.000
      738.000
      739.010
      740.010
      741.000
      741.990
      742.960
      743.970
      744.990
      745.990
      747.000
      748.010
      749.010
      750.000
      750.970
      751.960
      753.000
      754.000
      755.010
      756.020
      757.000
      757.980
      758.940
      759.960
      761.010
      762.020
      763.010
      764.020
      765.030
      766.010
      766.870
      767.900
      769.060
      770.040
      771.010
      772.010
      773.010
      773.980
      774.930
      775.950
      777.010
      778.010
      778.980
      780.000
      781.030
      782.010
      782.950
      783.950
      785.000
      786.000
      786.990
      788.010
      789.010
      789.990
      790.950
      791.960
      793.020
      794.010
      794.990
      796.000
      797.020
      798.000
      798.940
      799.950
      801.020
      802.020
      803.000
      804.010
      805.010
      805.990
      806.950
      807.960
      809.010
      810.000
      811.000
      812.020
      813.020
      814.000
      814.950
      815.950
      817.000
      818.000
      819.000
      820.020
      821.020
      821.990
      822.950
      823.960
      825.010
      826.010
      826.990
      828.010
      829.020
      830.000
      830.930
      831.950
      833.020
      834.010
      835.000
      836.010
      837.010
      837.990
      838.940
      839.960
      841.010
      842.010
      842.990
      844.000
      845.020
      846.000
      846.950
      847.950
      849.010
      850.000
      850.990
      852.010
      853.020
      854.000
      854.950
      855.950
      857.010
      858.010
      858.990
      860.010
      861.020
      861.990
      862.940
      863.960
      865.020
      866.010
      867.000
      868.010
      869.010
      869.990
      870.950
      871.960
      873.010
      874.000
      874.990
      876.010
      877.020
      878.000
      878.950
      879.950
      881.010
      882.010
      883.000
      884.010
      885.010
      885.990
      886.950
      887.960
      889.030
      890.020
      890.990
      892.000
      893.000
      893.960
      894.950
      895.990
      897.030
      898.020
      898.990
      900.000
      901.000
      901.990
      902.950
      903.960
      905.020
      906.020
      906.990
      908.010
      909.020
      909.990
      910.950
      911.960
      913.010
      914.000
      915.000
      916.010
      917.010
      917.990
      918.950
      919.960
      921.020
      922.010
      922.990
      924.000
      925.010
      925.990
      926.950
      927.970
      929.020
      930.010
      931.000
      932.010
      933.010
      933.990
      934.940
      935.960
      937.010
      938.010
      939.010
      940.010
      941.010
      941.990
      942.960
      943.970
      945.020
      946.010
      947.000
      948.010
      949.000
      949.990
      950.950
      951.970
      953.020
      954.010
      955.000
      956.020
      957.020
      957.990
      958.920
      959.950
      961.030
      962.020
      963.010
      964.010
      965.000
      965.980
      966.950
      967.970
      969.020
      970.010
      970.990
      972.000
      973.020
      974.000
      974.960
      975.960
      977.010
      978.010
      979.000
      980.010
      981.010
      982.000
      982.950
      983.960
      985.020
      986.010
      986.990
      988.010
      989.020
      990.000
      990.940
      991.960
      993.020
      994.010
      995.000
      996.020
      997.010
      997.990
      998.960
      999.970
      1001.00
      1002.00
      1002.99
      1004.01
      1005.03
      1006.01
      1006.96
      1007.95
      1009.00
      1009.99
      1010.98
      1011.99
      1013.01
      1014.02
      1014.99
      1016.01
      1017.06
      1018.03
      1018.97
      1019.92
      1020.85
      1021.75
      1023.28
      1024.39
      1024.90
      1025.86
      1026.88
      1027.94
      1028.99
      1029.99
      1030.96
      1031.99
      1033.04
      1034.03
      1034.99
      1035.98
      1037.00
      1037.98
      1038.93
      1039.95
      1041.01
      1042.01
      1042.99
      1044.00
      1045.01
      1045.99
      1046.93
      1047.95
      1049.02
      1050.01
      1050.99
      1052.00
      1053.01
      1053.98
      1054.93
      1055.95
      1057.02
      1058.01
      1058.99
      1060.00
      1061.01
      1061.99
      1062.94
      1063.95
      1065.02
      1066.00
      1066.98
      1068.00
      1069.01
      1069.99
      1070.94
      1071.95
      1073.01
      1074.01
      1074.99
      1076.00
      1077.01
      1077.99
      1078.94
      1079.95
      1081.02
      1082.01
      1082.99
      1084.00
      1085.02
      1086.00
      1086.92
      1087.94
      1089.02
      1090.01
      1090.99
      1092.00
      1093.01
      1093.99
      1094.94
      1095.96
      1097.01
      1098.00
      1098.99
      1100.00
      1101.02
      1102.00
      1102.95
      1103.95
      1105.00
      1106.00
      1106.99
      1108.01
      1109.01
      1109.99
      1110.94
      1111.95
      1113.01
      1114.01
      1114.99
      1116.01
      1117.02
      1117.99
      1118.93
      1119.94
      1121.02
      1122.01
      1123.00
      1124.01
      1125.01
      1125.99
      1126.94
      1127.95
      1129.01
      1130.00
      1130.99
      1132.01
      1133.02
      1134.00
      1134.94
      1135.95
      1137.01
      1138.00
      1138.99
      1140.00
      1141.01
      1142.00
      1142.94
      1143.96
      1145.02
      1146.02
      1146.99
      1147.99
      1148.99
      1149.95
      1150.97
      1152.00
      1153.01
      1154.01
      1154.98
      1155.99
      1157.01
      1157.99
      1158.94
      1159.96
      1161.01
      1162.01
      1162.99
      1164.00
      1165.01
      1165.99
      1166.95
      1167.95
      1169.00
      1170.01
      1171.00
      1172.00
      1173.01
      1173.99
      1174.93
      1175.95
      1177.02
      1178.02
      1178.99
      1180.00
      1181.01
      1181.99
      1182.93
      1183.95
      1185.01
      1186.00
      1186.99
      1188.01
      1189.01
      1190.00
      1190.94
      1191.95
      1193.00
      1194.00
      1194.99
      1196.00
      1197.01
      1198.00
      1198.95
      1199.96
      1201.01
      1202.00
      1202.99
      1204.00
      1205.00
      1205.99
      1206.94
      1207.95
      1209.02
      1210.02
      1211.00
      1212.00
      1213.01
      1214.00
      1214.91
      1215.93
      1217.03
      1218.02
      1219.00
      1220.00
      1221.01
      1221.99
      1222.95
      1223.96
      1225.01
      1225.99
      1226.98
      1228.01
      1229.02
      1230.00
      1230.95
      1231.96
      1233.01
      1234.00
      1234.99
      1236.00
      1237.01
      1238.00
      1238.94
      1239.95
      1241.01
      1242.00
      1243.00
      1244.02
      1245.02
      1245.99
      1246.93
      1247.95
      1249.01
      1250.01
      1251.00
      1252.01
      1253.01
      1253.99
      1254.94
      1255.96
      1257.01
      1258.01
      1258.99
      1260.00
      1261.01
      1262.00
      1262.95
      1263.96
      1265.02
      1266.01
      1267.00
      1268.01
      1269.00
      1269.99
      1270.94
      1271.95
      1273.01
      1274.01
      1275.01
      1276.04
      1277.05
      1278.02
      1278.83
      1279.86
      1281.08
      1282.05
      1283.02
      1284.02
      1285.01
      1285.98
      1286.93
      1287.95
      1289.00
      1290.00
      1291.00
      1292.01
      1293.01
      1293.99
      1294.95
      1295.96
      1297.00
      1298.00
      1299.00
      1300.02
      1301.01
      1301.98
      1302.93
      1303.95
      1305.02
      1306.01
      1307.00
      1308.01
      1309.01
      1309.98
      1310.94
      1311.96
      1313.01
      1314.00
      1315.00
      1316.01
      1317.01
      1317.99
      1318.94
      1319.96
      1321.02
      1322.00
      1322.98
      1324.00
      1325.02
      1326.00
      1326.94
      1327.95
      1329.01
      1330.00
      1330.99
      1332.02
      1333.02
      1333.99
      1334.93
      1335.94
      1337.01
      1338.01
      1339.01
      1340.02
      1341.03
      1342.00
      1342.90
      1343.92
      1345.02
      1346.01
      1347.01
      1348.02
      1349.02
      1349.98
      1350.93
      1351.95
      1353.00
      1354.00
      1354.99
      1356.01
      1357.01
      1357.99
      1358.95
      1359.96
      1361.00
      1362.00
      1363.00
      1364.01
      1365.00
      1365.99
      1366.94
      1367.96
      1369.01
      1370.01
      1371.00
      1372.01
      1373.01
      1373.98
      1374.93
      1375.95
      1377.02
      1378.01
      1379.00
      1380.02
      1381.01
      1381.98
      1382.93
      1383.95
      1385.01
      1386.01
      1387.00
      1388.01
      1389.02
      1390.00
      1390.94
      1391.95
      1393.01
      1394.01
      1395.00
      1396.00
      1397.01
      1398.00
      1398.95
      1399.96
      1401.02
      1402.02
      1402.99
      1403.99
      1404.99
      1405.95
      1406.97
      1408.00
      1409.01
      1410.01
      1410.99
      1412.00
      1413.00
      1413.99
      1414.95
      1415.96
      1417.01
      1418.01
      1418.99
      1420.01
      1421.01
      1421.98
      1422.95
      1423.96
      1425.01
      1426.00
      1426.99
      1428.01
      1429.01
      1429.99
      1430.94
      1431.96
      1433.02
      1434.01
      1435.00
      1436.01
      1437.01
      1437.97
      1438.93
      1439.96
      1441.02
      1442.02
      1443.00
      1444.01
      1445.01
      1445.98
      1446.93
      1447.95
      1449.01
      1450.02
      1451.00
      1452.01
      1453.02
      1453.99
      1454.94
      1455.95
      1457.01
      1458.01
      1459.00
      1460.01
      1461.01
      1461.99
      1462.94
      1463.95
      1465.02
      1466.01
      1466.99
      1468.01
      1469.02
      1470.00
      1470.91
      1471.94
      1473.04
      1474.02
      1475.00
      1476.01
      1477.00
      1477.99
      1478.94
      1479.96
      1481.01
      1482.00
      1482.99
      1484.01
      1485.02
      1486.00
      1486.95
      1487.95
      1489.00
      1490.00
      1490.99
      1492.01
      1493.01
      1494.00
      1494.95
      1495.96
      1497.01
      1498.01
      1498.99
      1500.00
      1501.01
      1501.99
      1502.94
      1503.96
      1505.02
      1506.01
      1507.00
      1508.01
      1509.01
      1509.99
      1510.94
      1511.96
      1513.01
      1514.01
      1514.99
      1516.01
      1517.02
      1518.00
      1518.95
      1519.95
      1521.01
      1522.01
      1523.00
      1524.00
      1525.00
      1526.00
      1526.95
      1527.97
      1529.04
      1530.03
      1531.00
      1531.98
      1532.96
      1533.90
      1534.99
      1536.07
      1537.03
      1538.00
      1538.97
      1539.99
      1540.99
      1541.99
      1542.94
      1543.96
      1545.02
      1546.02
      1547.00
      1548.01
      1549.01
      1549.98
      1550.94
      1551.95
      1553.00
      1554.00
      1555.00
      1556.02
      1557.01
      1557.99
      1558.94
      1559.95
      1561.01
      1562.01
      1563.00
      1564.01
      1565.02
      1566.00
      1566.93
      1567.94
      1569.02
      1570.01
      1571.00
      1572.01
      1573.01
      1573.99
      1574.94
      1575.96
      1577.01
      1578.01
      1579.00
      1580.01
      1581.01
      1582.00
      1582.95
      1583.95
      1585.00
      1586.01
      1587.01
      1588.02
      1589.01
      1589.99
      1590.93
      1591.95
      1593.01
      1594.01
      1595.00
      1596.02
      1597.03
      1598.00
      1598.92
      1599.93
      1601.02
      1602.02
      1603.01
      1604.02
      1605.01
      1605.99
      1606.94
      1607.96
      1609.01
      1610.00
      1611.00
      1612.01
      1613.01
      1613.99
      1614.95
      1615.96
      1617.00
      1618.00
      1619.01
      1620.02
      1621.01
      1621.99
      1622.94
      1623.95
      1625.01
      1626.01
      1627.00
      1628.01
      1629.02
      1630.00
      1630.93
      1631.95
      1633.02
      1634.01
      1635.00
      1636.01
      1637.01
      1638.00
      1638.95
      1639.96
      1641.00
      1642.01
      1643.00
      1644.01
      1645.01
      1646.00
      1646.95
      1647.96
      1649.01
      1650.01
      1651.00
      1652.00
      1653.00
      1654.00
      1654.95
      1655.96
      1657.02
      1658.02
      1659.00
      1660.00
      1660.99
      1661.95
      1662.96
      1663.99
      1665.01
      1666.01
      1666.99
      1668.00
      1669.01
      1669.99
      1670.95
      1671.96
      1673.01
      1674.00
      1674.99
      1676.02
      1677.02
      1677.99
      1678.95
      1679.96
      1681.01
      1682.00
      1682.99
      1684.01
      1685.02
      1686.00
      1686.95
      1687.96
      1689.01
      1690.01
      1691.00
      1692.01
      1693.02
      1694.00
      1694.93
      1695.95
      1697.02
      1698.01
      1699.00
      1700.02
      1701.01
      1701.99
      1702.94
      1703.95
      1705.01
      1706.02
      1707.00
      1708.00
      1709.01
      1710.00
      1710.95
      1711.96
      1713.01
      1714.01
      1715.00
      1716.01
      1717.01
      1718.00
      1718.94
      1719.95
      1721.01
      1722.01
      1723.00
      1724.02
      1725.02
      1726.00
      1726.91
      1727.93
      1729.03
      1730.02
      1731.01
      1732.01
      1733.01
      1733.99
      1734.95
      1735.95
      1737.01
      1738.00
      1739.00
      1740.01
      1741.02
      1742.00
      1742.96
      1743.96
      1745.01
      1746.00
      1746.99
      1748.01
      1749.02
      1750.00
      1750.95
      1751.95
      1753.01
      1754.01
      1754.99
      1756.01
      1757.02
      1757.99
      1758.93
      1759.95
      1761.02
      1762.01
      1763.00
      1764.01
      1765.00
      1765.99
      1766.94
      1767.96
      1769.02
      1770.02
      1771.00
      1772.01
      1773.01
      1773.99
      1774.94
      1775.95
      1777.01
      1778.02
      1779.01
      1780.02
      1781.01
      1781.98
      1782.92
      1783.95
      1785.02
      1786.02
      1787.02
      1788.04
      1789.05
      1790.02
      1790.81
      1791.85
      1793.09
      1794.07
      1795.04
      1796.02
      1797.00
      1797.98
      1798.92
      1799.94
      1801.01
      1802.01
      1803.01
      1804.02
      1805.01
      1805.99
      1806.95
      1807.96
      1809.00
      1809.99
      1811.00
      1812.02
      1813.01
      1814.00
      1814.94
      1815.96
      1817.02
      1818.01
      1819.00
      1820.01
      1821.01
      1821.99
      1822.94
      1823.96
      1825.02
      1826.01
      1827.00
      1828.02
      1829.01
      1829.99
      1830.94
      1831.95
      1833.01
      1834.01
      1835.01
      1836.02
      1837.01
      1837.99
      1838.95
      1839.95
      1841.00
      1842.00
      1843.00
      1844.02
      1845.01
      1845.99
      1846.94
      1847.95
      1849.01
      1850.02
      1851.01
      1852.02
      1853.02
      1854.00
      1854.91
      1855.93
      1857.03
      1858.02
      1859.01
      1860.02
      1861.01
      1861.99
      1862.94
      1863.95
      1865.01
      1866.01
      1867.00
      1868.01
      1869.02
      1870.00
      1870.96
      1871.96
      1873.00
      1874.00
      1875.00
      1876.02
      1877.02
      1878.00
      1878.94
      1879.94
      1881.01
      1882.02
      1883.01
      1884.02
      1885.01
      1885.99
      1886.93
      1887.95
      1889.02
      1890.02
      1891.00
      1892.01
      1893.01
      1894.00
      1894.95
      1895.96
      1897.02
      1898.01
      1899.00
      1900.00
      1901.01
      1902.00
      1902.96
      1903.96
      1905.01
      1906.01
      1907.01
      1908.01
      1909.00
      1910.00
      1910.95
      1911.96
      1913.02
      1914.02
      1915.01
      1916.01
      1917.00
      1917.96
      1918.95
      1919.98
      1921.02
      1922.01
      1923.00
      1924.01
      1925.02
      1926.00
      1926.94
      1927.94
      1929.00
      1930.01
      1931.01
      1932.02
      1933.02
      1933.99
      1934.95
      1935.96
      1936.99
      1938.00
      1939.01
      1940.02
      1941.02
      1942.00
      1942.94
      1943.95
      1945.01
      1946.01
      1947.00
      1948.02
      1949.02
      1949.99
      1950.93
      1951.95
      1953.02
      1954.01
      1955.01
      1956.02
      1957.01
      1957.99
      1958.94
      1959.96
      1961.02
      1962.01
      1963.00
      1964.01
      1965.01
      1966.00
      1966.96
      1967.96
      1969.01
      1970.01
      1971.00
      1972.01
      1973.01
      1974.00
      1974.95
      1975.96
      1977.02
      1978.01
      1979.00
      1980.02
      1981.03
      1982.00
      1982.91
      1983.93
      1985.04
      1986.03
      1987.01
      1988.01
      1989.01
      1989.99
      1990.94
      1991.95
      1993.01
      1994.01
      1995.00
      1996.01
      1997.01
      1997.99
      1998.96
      1999.96
      2001.00
      2002.00
      2003.00
      2004.02
      2005.02
      2006.00
      2006.94
      2007.95
      2009.01
      2010.02
      2011.01
      2012.02
      2013.02
      2014.00
      2014.93
      2015.95
      2017.01
      2018.01
      2019.01
      2020.03
      2021.02
      2022.00
      2022.94
      2023.95
      2025.01
      2026.00
      2026.99
      2028.01
      2029.02
      2030.01
      2030.97
      2031.97
      2033.01
      2034.00
      2035.00
      2036.01
      2037.01
      2037.98
      2038.91
      2039.92
      2041.02
      2042.05
      2043.07
      2044.10
      2045.11
      2046.04
      2046.58
      2047.72
      2049.22
      2050.15
      2051.08
      2052.02
      2052.97
      2053.94
      2054.89
      2055.91
      2056.99
      2058.01
      2059.01
      2060.03
      2061.03
      2061.99
      2062.95
      2063.95
      2064.99
      2065.99
      2066.99
      2068.01
      2069.01
      2069.99
      2070.94
      2071.95
      2073.02
      2074.01
      2075.00
      2076.01
      2077.01
      2077.99
      2078.92
      2079.94
      2081.02
      2082.01
      2083.01
      2084.02
      2085.00
      2085.99
      2086.94
      2087.95
      2089.01
      2090.01
      2091.00
      2092.00
      2093.01
      2093.99
      2094.96
      2095.96
      2096.99
      2098.00
      2099.01
      2100.01
      2101.00
      2101.99
      2102.94
      2103.94
      2105.01
      2106.01
      2107.01
      2108.03
      2109.02
      2109.99
      2110.91
      2111.93
      2113.02
      2114.02
      2115.01
      2116.01
      2117.00
      2117.99
      2118.94
      2119.95
      2121.00
      2122.00
      2123.00
      2124.01
      2125.02
      2126.00
      2126.96
      2127.96
      2128.99
      2129.99
      2131.00
      2132.01
      2133.01
      2134.00
      2134.94
      2135.96
      2137.01
      2138.00
      2139.00
      2140.02
      2141.02
      2142.00
      2142.92
      2143.94
      2145.02
      2146.01
      2147.00
      2148.01
      2149.00
      2149.99
      2150.95
      2151.95
      2153.00
      2154.01
      2155.00
      2156.01
      2157.00
      2157.99
      2158.96
      2159.96
      2161.00
      2162.00
      2163.00
      2164.00
      2165.00
      2166.00
      2166.95
      2167.95
      2169.02
      2170.02
      2171.00
      2172.00
      2172.99
      2173.97
      2174.96
      2175.98
      2177.01
      2178.00
      2179.00
      2180.01
      2181.01
      2181.99
      2182.94
      2183.95
      2185.01
      2186.00
      2187.00
      2188.01
      2189.01
      2189.99
      2190.96
      2191.96
      2193.00
      2193.99
      2194.99
      2196.01
      2197.02
      2198.00
      2198.94
      2199.94
      2201.01
      2202.01
      2203.01
      2204.02
      2205.02
      2205.99
      2206.92
      2207.94
      2209.01
      2210.01
      2211.01
      2212.02
      2213.01
      2213.99
      2214.94
      2215.95
      2217.01
      2218.01
      2219.00
      2220.01
      2221.01
      2221.99
      2222.95
      2223.96
      2224.99
      2226.00
      2227.01
      2228.02
      2229.01
      2229.99
      2230.93
      2231.94
      2233.01
      2234.01
      2235.01
      2236.02
      2237.03
      2238.00
      2238.90
      2239.92
      2241.03
      2242.03
      2243.02
      2244.02
      2245.00
      2245.99
      2246.93
      2247.94
      2249.01
      2250.01
      2251.00
      2252.01
      2253.01
      2253.99
      2254.96
      2255.96
      2257.00
      2258.00
      2259.00
      2260.01
      2261.01
      2262.00
      2262.94
      2263.95
      2265.01
      2266.01
      2267.00
      2268.01
      2269.02
      2270.00
      2270.92
      2271.94
      2273.02
      2274.01
      2275.01
      2276.01
      2277.01
      2278.00
      2278.94
      2279.94
      2281.00
      2282.01
      2283.01
      2284.02
      2285.01
      2285.99
      2286.95
      2287.96
      2289.01
      2290.00
      2291.00
      2292.01
      2293.01
      2294.00
      2294.93
      2295.94
      2297.01
      2298.01
      2299.03
      2300.04
      2301.04
      2302.02
      2302.82
      2303.86
      2305.08
      2306.06
      2307.03
      2308.03
      2309.00
      2309.97
      2310.92
      2311.94
      2313.00
      2314.01
      2315.01
      2316.02
      2317.01
      2317.99
      2318.96
      2319.96
      2320.99
      2322.00
      2323.01
      2324.02
      2325.01
      2325.99
      2326.93
      2327.95
      2329.02
      2330.01
      2331.01
      2332.02
      2333.01
      2333.99
      2334.93
      2335.95
      2337.02
      2338.01
      2339.01
      2340.02
      2341.00
      2341.99
      2342.94
      2343.95
      2345.01
      2346.01
      2347.00
      2348.01
      2349.01
      2350.00
      2350.96
      2351.95
      2352.99
      2354.00
      2355.01
      2356.02
      2357.01
      2358.00
      2358.93
      2359.94
      2361.01
      2362.01
      2363.01
      2364.03
      2365.03
      2366.00
      2366.90
      2367.92
      2369.03
      2370.02
      2371.02
      2372.02
      2373.01
      2373.99
      2374.94
      2375.95
      2377.01
      2378.01
      2379.00
      2380.01
      2381.01
      2381.99
      2382.96
      2383.97
      2385.00
      2386.00
      2387.00
      2388.02
      2389.01
      2389.99
      2390.94
      2391.95
      2393.01
      2394.01
      2395.01
      2396.02
      2397.02
      2398.00
      2398.93
      2399.94
      2401.01
      2402.00
      2403.01
      2404.02
      2405.01
      2406.00
      2406.95
      2407.95
      2409.01
      2410.00
      2411.00
      2412.01
      2413.01
      2414.00
      2414.97
      2415.97
      2416.99
      2417.99
      2419.00
      2420.01
      2421.01
      2422.00
      2422.94
      2423.95
      2425.02
      2426.02
      2427.01
      2428.01
      2429.00
      2429.97
      2430.94
      2431.97
      2433.02
      2434.01
      2435.01
      2436.01
      2437.00
      2437.99
      2438.93
      2439.95
      2441.02
      2442.01
      2443.00
      2444.01
      2445.01
      2445.99
      2446.96
      2447.96
      2449.00
      2450.00
      2451.01
      2452.02
      2453.01
      2454.00
      2454.93
      2455.94
      2457.01
      2458.02
      2459.02
      2460.02
      2461.01
      2461.99
      2462.92
      2463.94
      2465.02
      2466.01
      2467.01
      2468.02
      2469.02
      2470.00
      2470.94
      2471.95
      2473.01
      2474.00
      2475.00
      2476.01
      2477.01
      2478.00
      2478.96
      2479.96
      2480.99
      2482.00
      2483.01
      2484.02
      2485.01
      2486.00
      2486.94
      2487.94
      2489.01
      2490.02
      2491.02
      2492.02
      2493.02
      2494.00
      2494.90
      2495.93
      2497.03
      2498.02
      2499.01
      2500.02
      2501.01
      2502.00
      2502.94
      2503.95
      2505.01
      2506.01
      2507.00
      2508.01
      2509.00
      2509.99
      2510.97
      2511.97
      2512.99
      2514.00
      2515.01
      2516.02
      2517.01
      2517.99
      2518.94
      2519.95
      2521.01
      2522.02
      2523.01
      2524.02
      2525.02
      2526.00
      2526.93
      2527.93
      2529.01
      2530.01
      2531.01
      2532.02
      2533.02
      2534.00
      2534.94
      2535.94
      2537.00
      2538.00
      2539.00
      2540.02
      2541.02
      2542.00
      2542.97
      2543.96
      2544.99
      2546.00
      2547.00
      2548.01
      2549.01
      2550.01
      2550.95
      2551.96
      2553.03
      2554.02
      2555.01
      2556.01
      2556.98
      2557.93
      2558.97
      2560.02
      2561.02
      2562.01
      2563.00
      2564.00
      2564.99
      2565.99
      2566.95
      2567.96
      2569.02
      2570.01
      2571.00
      2572.01
      2573.01
      2574.00
      2574.96
      2575.96
      2576.99
      2578.00
      2579.01
      2580.02
      2581.01
      2582.00
      2582.94
      2583.94
      2585.01
      2586.01
      2587.01
      2588.02
      2589.02
      2589.99
      2590.92
      2591.95
      2593.02
      2594.01
      2595.01
      2596.01
      2597.01
      2598.00
      2598.94
      2599.95
      2601.01
      2602.00
      2603.00
      2604.01
      2605.01
      2606.00
      2606.97
      2607.96
      2608.99
      2610.00
      2611.00
      2612.02
      2613.01
      2614.00
      2614.94
      2615.94
      2617.01
      2618.02
      2619.01
      2620.01
      2621.02
      2622.01
      2622.92
      2623.93
      2625.01
      2626.01
      2627.02
      2628.02
      2629.02
      2630.00
      2630.94
      2631.95
      2633.00
      2634.00
      2635.00
      2636.01
      2637.01
      2638.00
      2638.97
      2639.97
      2641.00
      2641.99
      2643.00
      2644.01
      2645.01
      2646.00
      2646.95
      2647.95
      2649.01
      2650.01
      2651.01
      2652.02
      2653.01
      2653.99
      2654.92
      2655.94
      2657.03
      2658.03
      2659.02
      2660.01
      2661.00
      2662.00
      2662.95
      2663.96
      2665.01
      2666.00
      2667.01
      2668.01
      2669.01
      2670.00
      2670.97
      2671.96
      2672.99
      2674.00
      2675.00
      2676.01
      2677.01
      2678.01
      2678.95
      2679.95
      2681.01
      2682.01
      2683.01
      2684.01
      2685.00
      2685.98
      2686.95
      2687.98
      2689.01
      2690.00
      2691.00
      2692.01
      2693.02
      2694.00
      2694.94
      2695.95
      2697.01
      2698.01
      2699.01
      2700.01
      2701.01
      2701.99
      2702.97
      2703.97
      2705.00
      2706.00
      2707.00
      2708.01
      2709.02
      2710.01
      2710.94
      2711.95
      2713.01
      2714.01
      2715.01
      2716.01
      2717.01
      2718.00
      2718.94
      2719.95
      2721.02
      2722.01
      2723.01
      2724.01
      2725.01
      2726.01
      2726.95
      2727.95
      2729.01
      2730.01
      2731.00
      2732.00
      2733.01
      2734.00
      2734.98
      2735.97
      2736.99
      2737.99
      2739.00
      2740.01
      2741.01
      2742.01
      2742.95
      2743.95
      2745.01
      2746.01
      2747.01
      2748.02
      2749.02
      2750.01
      2750.91
      2751.92
      2753.02
      2754.03
      2755.03
      2756.01
      2757.00
      2758.00
      2758.95
      2759.95
      2761.01
      2762.01
      2763.01
      2764.01
      2765.01
      2766.00
      2766.97
      2767.97
      2769.00
      2770.00
      2771.00
      2772.01
      2773.01
      2774.01
      2774.96
      2775.96
      2777.00
      2778.00
      2779.00
      2780.02
      2781.02
      2782.00
      2782.94
      2783.95
      2785.02
      2786.01
      2787.00
      2788.01
      2789.01
      2790.01
      2790.95
      2791.96
      2793.00
      2794.00
      2795.01
      2796.01
      2797.01
      2798.00
      2798.97
      2799.97
      2801.00
      2802.01
      2803.01
      2804.01
      2805.01
      2806.00
      2806.94
      2807.95
      2809.01
      2810.01
      2811.02
      2812.04
      2813.04
      2814.03
      2814.85
      2815.88
      2817.07
      2818.05
      2819.03
      2820.03
      2821.01
      2821.99
      2822.93
      2823.94
      2825.00
      2826.01
      2827.01
      2828.02
      2829.01
      2830.00
      2830.97
      2831.97
      2832.99
      2833.99
      2835.00
      2836.01
      2837.02
      2838.01
      2838.95
      2839.96
      2841.02
      2842.01
      2843.00
      2844.01
      2845.01
      2845.99
      2846.95
      2847.96
      2849.01
      2850.00
      2851.02
      2852.02
      2853.00
      2853.99
      2854.96
      2855.96
      2857.01
      2858.01
      2859.00
      2860.01
      2861.01
      2862.00
      2862.96
      2863.97
      2865.00
      2866.00
      2867.01
      2868.02
      2869.01
      2870.00
      2870.95
      2871.95
      2873.00
      2874.01
      2875.02
      2876.03
      2877.02
      2878.01
      2878.92
      2879.93
      2881.02
      2882.01
      2883.02
      2884.02
      2885.01
      2885.99
      2886.96
      2887.97
      2889.01
      2890.00
      2891.00
      2892.02
      2893.01
      2894.00
      2894.97
      2895.97
      2897.00
      2898.00
      2899.01
      2900.02
      2901.01
      2901.99
      2902.95
      2903.97
      2905.01
      2906.00
      2907.01
      2908.02
      2909.01
      2909.99
      2910.94
      2911.96
      2913.02
      2914.01
      2915.01
      2916.02
      2917.01
      2917.99
      2918.96
      2919.96
      2921.01
      2922.01
      2923.00
      2924.01
      2925.00
      2926.00
      2926.98
      2927.97
      2929.00
      2930.00
      2931.01
      2932.02
      2933.00
      2933.99
      2934.95
      2935.97
      2937.02
      2938.01
      2939.01
      2940.01
      2941.00
      2941.98
      2942.95
      2943.98
      2945.02
      2946.01
      2947.01
      2948.01
      2949.01
      2950.00
      2950.96
      2951.96
      2953.00
      2954.01
      2955.02
      2956.02
      2957.00
      2957.99
      2958.97
      2959.98
      2961.00
      2962.00
      2963.01
      2964.02
      2965.01
      2966.00
      2966.95
      2967.96
      2969.01
      2970.01
      2971.01
      2972.02
      2973.02
      2974.00
      2974.94
      2975.95
      2977.02
      2978.01
      2979.01
      2980.02
      2981.01
      2982.00
      2982.95
      2983.96
      2985.01
      2986.01
      2987.00
      2988.02
      2989.01
      2990.00
      2990.97
      2991.97
      2993.00
      2994.00
      2995.00
      2996.02
      2997.01
      2998.01
      2998.96
      2999.95
      3001.01
      3002.01
      3003.01
      3004.02
      3005.03
      3006.01
      3006.92
      3007.93
      3009.03
      3010.03
      3011.01
      3012.01
      3013.00
      3014.00
      3014.96
      3015.96
      3017.01
      3018.01
      3019.00
      3020.01
      3021.01
      3021.99
      3022.97
      3023.98
      3025.01
      3026.00
      3027.00
      3028.01
      3029.01
      3030.00
      3030.96
      3031.96
      3033.01
      3034.01
      3035.01
      3036.02
      3037.01
      3038.00
      3038.94
      3039.95
      3041.02
      3042.01
      3043.02
      3044.03
      3045.01
      3046.00
      3046.95
      3047.95
      3049.00
      3050.01
      3051.01
      3052.02
      3053.02
      3054.01
      3054.98
      3055.97
      3056.99
      3057.99
      3058.99
      3060.00
      3061.00
      3062.01
      3062.98
      3064.00
      3065.05
      3066.03
      3067.00
      3067.96
      3068.89
      3069.81
      3071.14
      3072.25
      3072.95
      3073.93
      3074.94
      3075.97
      3076.98
      3077.99
      3078.97
      3079.98
      3081.02
      3082.01
      3083.01
      3084.01
      3084.99
      3085.98
      3086.97
      3087.98
      3089.00
      3089.99
      3091.01
      3092.02
      3093.00
      3094.00
      3094.95
      3095.96
      3097.01
      3098.01
      3099.01
      3100.02
      3101.01
      3101.99
      3102.94
      3103.96
      3105.01
      3106.00
      3107.02
      3108.02
      3109.01
      3110.00
      3110.95
      3111.96
      3113.00
      3114.00
      3115.00
      3116.02
      3117.01
      3118.00
      3118.97
      3119.97
      3120.99
      3121.99
      3123.01
      3124.02
      3125.01
      3126.00
      3126.95
      3127.95
      3129.00
      3130.01
      3131.02
      3132.03
      3133.02
      3134.01
      3134.91
      3135.93
      3137.02
      3138.02
      3139.03
      3140.03
      3141.00
      3141.98
      3142.95
      3143.96
      3145.00
      3146.00
      3147.01
      3148.02
      3149.01
      3150.00
      3150.97
      3151.97
      3152.99
      3153.99
      3155.01
      3156.02
      3157.00
      3158.00
      3158.95
      3159.96
      3161.01
      3162.01
      3163.01
      3164.02
      3165.01
      3166.00
      3166.93
      3167.94
      3169.03
      3170.02
      3171.02
      3172.02
      3173.00
      3173.99
      3174.96
      3175.96
      3177.00
      3178.00
      3179.01
      3180.01
      3181.00
      3182.00
      3182.97
      3183.97
      3185.00
      3186.00
      3187.01
      3188.01
      3189.00
      3189.99
      3190.96
      3191.97
      3193.02
      3194.02
      3195.01
      3196.01
      3196.98
      3197.96
      3198.98
      3200.01
      3201.00
      3201.99
      3203.01
      3204.02
      3205.01
      3205.99
      3206.94
      3207.96
      3209.01
      3210.01
      3211.01
      3212.02
      3213.01
      3213.99
      3214.96
      3215.97
      3216.99
      3218.00
      3219.02
      3220.03
      3221.01
      3222.00
      3222.94
      3223.95
      3225.01
      3226.01
      3227.02
      3228.03
      3229.02
      3230.00
      3230.92
      3231.93
      3233.02
      3234.01
      3235.02
      3236.03
      3237.02
      3237.99
      3238.94
      3239.95
      3241.00
      3242.00
      3243.01
      3244.02
      3245.01
      3246.00
      3246.96
      3247.96
      3249.00
      3250.00
      3251.01
      3252.01
      3253.01
      3254.00
      3254.95
      3255.96
      3257.01
      3258.01
      3259.01
      3260.03
      3261.02
      3262.01
      3262.91
      3263.93
      3265.03
      3266.02
      3267.02
      3268.03
      3269.01
      3270.00
      3270.94
      3271.94
      3273.00
      3274.01
      3275.02
      3276.02
      3277.01
      3278.00
      3278.97
      3279.97
      3280.99
      3282.00
      3283.01
      3284.02
      3285.01
      3286.01
      3286.96
      3287.96
      3289.00
      3290.00
      3291.01
      3292.03
      3293.02
      3294.01
      3294.93
      3295.95
      3297.02
      3298.01
      3299.01
      3300.02
      3301.01
      3302.00
      3302.96
      3303.95
      3305.00
      3306.01
      3307.01
      3308.02
      3309.01
      3310.00
      3310.97
      3311.97
      3313.00
      3314.00
      3315.01
      3316.02
      3317.01
      3317.99
      3318.94
      3319.95
      3321.01
      3322.02
      3323.03
      3324.04
      3325.04
      3326.04
      3326.83
      3327.85
      3329.08
      3330.06
      3331.05
      3332.03
      3333.00
      3333.98
      3334.93
      3335.94
      3337.00
      3338.01
      3339.02
      3340.03
      3341.02
      3341.99
      3342.95
      3343.96
      3345.00
      3346.00
      3347.01
      3348.03
      3349.00
      3349.99
      3350.95
      3351.95
      3353.01
      3354.02
      3355.01
      3356.02
      3357.02
      3358.00
      3358.93
      3359.95
      3361.01
      3362.01
      3363.02
      3364.03
      3365.01
      3366.00
      3366.95
      3367.96
      3369.01
      3370.00
      3371.01
      3372.01
      3373.01
      3374.00
      3374.97
      3375.97
      3377.01
      3378.00
      3379.00
      3380.01
      3381.01
      3382.01
      3382.96
      3383.96
      3385.00
      3386.00
      3387.01
      3388.02
      3389.03
      3390.02
      3390.91
      3391.92
      3393.03
      3394.03
      3395.02
      3396.02
      3397.01
      3398.00
      3398.96
      3399.96
      3401.01
      3402.00
      3403.00
      3404.01
      3405.02
      3406.01
      3406.97
      3407.97
      3408.99
      3409.99
      3411.00
      3412.01
      3413.02
      3414.01
      3414.96
      3415.96
      3417.01
      3418.01
      3419.01
      3420.02
      3421.01
      3422.00
      3422.95
      3423.96
      3425.02
      3426.01
      3427.02
      3428.02
      3429.01
      3430.00
      3430.95
      3431.96
      3433.01
      3434.01
      3435.02
      3436.02
      3437.01
      3438.00
      3438.97
      3439.97
      3441.00
      3442.00
      3443.00
      3444.01
      3445.01
      3446.01
      3446.97
      3447.97
      3449.01
      3450.01
      3451.01
      3452.00
      3452.99
      3453.98
      3454.98
      3456.00
      3457.01
      3458.00
      3459.00
      3460.01
      3461.01
      3462.00
      3462.95
      3463.95
      3465.01
      3466.02
      3467.01
      3468.02
      3469.01
      3470.00
      3470.97
      3471.96
      3472.99
      3474.00
      3475.01
      3476.02
      3477.02
      3478.01
      3478.95
      3479.96
      3481.01
      3482.01
      3483.01
      3484.02
      3485.02
      3486.00
      3486.94
      3487.95
      3489.01
      3490.02
      3491.02
      3492.02
      3493.02
      3494.00
      3494.95
      3495.95
      3497.01
      3498.01
      3499.01
      3500.01
      3501.01
      3502.00
      3502.97
      3503.97
      3505.01
      3506.00
      3507.00
      3508.01
      3509.02
      3510.01
      3510.95
      3511.95
      3513.01
      3514.02
      3515.02
      3516.02
      3517.02
      3518.01
      3518.90
      3519.92
      3521.04
      3522.03
      3523.02
      3524.02
      3525.02
      3526.00
      3526.95
      3527.95
      3529.01
      3530.01
      3531.00
      3532.02
      3533.02
      3534.00
      3534.97
      3535.97
      3537.00
      3538.00
      3539.01
      3540.02
      3541.02
      3542.01
      3542.96
      3543.96
      3545.01
      3546.01
      3547.01
      3548.01
      3549.01
      3550.01
      3550.95
      3551.96
      3553.02
      3554.01
      3555.00
      3556.00
      3557.01
      3558.01
      3558.97
      3559.96
      3561.01
      3562.01
      3563.01
      3564.01
      3565.01
      3566.00
      3566.97
      3567.97
      3569.01
      3570.01
      3571.00
      3572.01
      3573.01
      3574.01
      3574.96
      3575.96
      3577.02
      3578.03
      3579.02
      3580.01
      3580.99
      3581.93
      3582.95
      3584.04
      3585.05
      3586.01
      3586.99
      3588.00
      3589.00
      3589.99
      3590.96
      3591.97
      3593.02
      3594.01
      3595.01
      3596.01
      3597.01
      3597.99
      3598.96
      3599.97
      3601.01
      3602.01
      3603.01
      3604.01
      3605.01
      3606.00
      3606.96
      3607.97
      3609.01
      3610.01
      3611.01
      3612.01
      3613.02
      3614.00
      3614.94
      3615.96
      3617.03
      3618.01
      3619.00
      3620.01
      3621.01
      3622.01
      3622.96
      3623.97
      3625.01
      3626.01
      3627.00
      3628.01
      3629.02
      3630.00
      3630.97
      3631.97
      3633.01
      3634.01
      3635.01
      3636.01
      3637.01
      3638.00
      3638.96
      3639.97
      3641.02
      3642.01
      3643.00
      3644.02
      3645.03
      3646.02
      3646.93
      3647.93
      3649.03
      3650.02
      3651.01
      3652.01
      3653.01
      3654.00
      3654.96
      3655.96
      3657.02
      3658.01
      3659.01
      3660.01
      3661.01
      3662.00
      3662.97
      3663.98
      3665.01
      3666.01
      3667.00
      3668.01
      3669.01
      3670.01
      3670.95
      3671.96
      3673.02
      3674.03
      3675.02
      3676.02
      3677.01
      3678.00
      3678.93
      3679.95
      3681.03
      3682.03
      3683.02
      3684.01
      3685.01
      3686.00
      3686.96
      3687.97
      3689.01
      3690.01
      3691.00
      3692.01
      3693.01
      3694.00
      3694.97
      3695.98
      3697.02
      3698.01
      3699.00
      3700.00
      3701.00
      3702.00
      3702.97
      3703.97
      3705.03
      3706.02
      3707.01
      3708.00
      3709.00
      3709.98
      3710.96
      3711.99
      3713.02
      3714.02
      3715.01
      3716.01
      3717.01
      3718.00
      3718.95
      3719.96
      3721.02
      3722.02
      3723.01
      3724.01
      3725.01
      3726.00
      3726.97
      3727.98
      3729.01
      3730.00
      3731.00
      3732.02
      3733.02
      3734.00
      3734.95
      3735.96
      3737.02
      3738.03
      3739.02
      3740.02
      3741.02
      3742.00
      3742.93
      3743.95
      3745.03
      3746.03
      3747.01
      3748.01
      3749.01
      3750.00
      3750.95
      3751.96
      3753.01
      3754.01
      3755.01
      3756.01
      3757.02
      3758.01
      3758.97
      3759.97
      3761.00
      3762.01
      3763.01
      3764.01
      3765.01
      3766.00
      3766.96
      3767.97
      3769.01
      3770.01
      3771.01
      3772.02
      3773.03
      3774.01
      3774.92
      3775.94
      3777.04
      3778.03
      3779.01
      3780.01
      3781.01
      3782.01
      3782.96
      3783.97
      3785.02
      3786.01
      3787.00
      3788.00
      3789.01
      3790.01
      3790.98
      3791.98
      3793.01
      3794.01
      3794.99
      3796.00
      3797.02
      3798.01
      3798.97
      3799.97
      3801.01
      3802.02
      3803.01
      3804.01
      3805.02
      3806.01
      3806.94
      3807.96
      3809.02
      3810.02
      3811.02
      3812.02
      3813.01
      3814.00
      3814.96
      3815.96
      3817.01
      3818.01
      3819.00
      3820.01
      3821.03
      3822.01
      3822.97
      3823.97
      3825.01
      3826.01
      3827.00
      3828.01
      3829.01
      3830.00
      3830.96
      3831.96
      3833.02
      3834.02
      3835.02
      3836.04
      3837.06
      3838.05
      3838.83
      3839.85
      3841.09
      3842.07
      3843.03
      3844.01
      3845.01
      3845.99
      3846.95
      3847.96
      3849.00
      3850.01
      3851.00
      3852.01
      3853.02
      3854.01
      3854.98
      3855.98
      3857.01
      3858.00
      3858.99
      3859.99
      3861.01
      3862.01
      3862.98
      3863.98
      3865.01
      3866.00
      3867.00
      3868.01
      3869.02
      3870.00
      3870.95
      3871.96
      3873.02
      3874.02
      3875.01
      3876.00
      3877.01
      3878.00
      3878.97
      3879.97
      3881.01
      3882.01
      3883.00
      3884.00
      3885.01
      3886.01
      3886.98
      3887.97
      3889.01
      3890.01
      3891.00
      3892.00
      3893.01
      3894.01
      3894.96
      3895.97
      3897.01
      3898.02
      3899.01
      3900.02
      3901.03
      3902.02
      3902.91
      3903.93
      3905.04
      3906.04
      3907.02
      3908.01
      3909.01
      3910.00
      3910.96
      3911.97
      3913.00
      3914.01
      3915.00
      3916.01
      3917.02
      3918.01
      3918.98
      3919.97
      3921.00
      3922.01
      3923.00
      3924.00
      3925.01
      3926.01
      3926.97
      3927.97
      3929.02
      3930.02
      3931.00
      3932.00
      3933.01
      3934.01
      3934.95
      3935.97
      3937.03
      3938.02
      3939.00
      3940.00
      3941.01
      3942.00
      3942.97
      3943.98
      3945.01
      3946.01
      3946.99
      3948.00
      3949.01
      3950.01
      3950.98
      3951.98
      3953.01
      3954.01
      3955.00
      3956.00
      3957.00
      3958.01
      3958.97
      3959.97
      3961.02
      3962.03
      3963.01
      3964.00
      3965.01
      3965.99
      3966.95
      3967.98
      3969.03
      3970.02
      3971.00
      3972.00
      3973.01
      3974.01
      3974.97
      3975.97
      3977.01
      3978.01
      3979.00
      3980.01
      3981.02
      3982.00
      3982.97
      3983.98
      3985.01
      3986.01
      3987.00
      3988.01
      3989.02
      3990.01
      3990.97
      3991.97
      3993.01
      3994.01
      3995.00
      3996.01
      3997.02
      3998.00
      3998.95
      3999.97
      4001.03
      4002.02
      4003.00
      4004.00
      4005.01
      4006.01
      4006.97
      4007.97
      4009.02
      4010.01
      4010.99
      4012.00
      4013.01
      4014.01
      4014.98
      4015.98
      4017.01
      4018.01
      4018.99
      4020.00
      4021.03
      4022.02
      4022.97
      4023.97
      4025.01
      4026.01
      4027.00
      4028.01
      4029.03
      4030.02
      4030.92
      4031.94
      4033.05
      4034.04
      4035.01
      4036.00
      4037.02
      4038.01
      4038.95
      4039.96
      4041.01
      4042.02
      4043.01
      4044.01
      4045.01
      4046.01
      4046.98
      4047.98
      4049.00
      4050.00
      4051.00
      4052.00
      4053.02
      4054.01
      4054.97
      4055.98
      4057.02
      4058.02
      4059.00
      4060.00
      4061.02
      4062.01
      4062.96
      4063.97
      4065.03
      4066.03
      4067.01
      4068.00
      4069.01
      4070.00
      4070.97
      4071.97
      4073.02
      4074.02
      4075.00
      4076.00
      4077.01
      4078.01
      4078.98
      4079.98
      4081.01
      4082.01
      4083.00
      4084.00
      4085.01
      4086.01
      4086.98
      4087.98
      4089.02
      4090.02
      4091.00
      4091.99
      4093.00
      4093.98
      4095.00
