PDS_VERSION_ID         = PDS3
RECORD_TYPE            = STREAM
OBJECT                 = TEXT
  PUBLICATION_DATE     = 2019-04-02
  INTERCHANGE_FORMAT   = ASCII
  NOTE                 = "File contaning bitweight corrrection for NAC, gain 
                         state 3, and temperature +25 degrees Celsius derived 
                         during ground calibration."
END_OBJECT             = TEXT
END

\begindata
      0.00000
      1.00000
      2.00000
      3.00000
      4.00000
      5.00000
      6.00000
      7.00000
      8.00000
      9.00000
      10.0000
      11.0000
      12.0000
      13.0000
      14.0000
      15.0000
      16.0000
      17.0000
      18.0000
      19.0000
      20.0000
      21.0000
      22.0000
      23.0000
      24.0000
      25.0000
      26.0000
      27.0000
      28.0000
      29.0000
      30.0000
      31.0000
      32.0000
      33.0000
      34.0000
      35.0000
      36.0000
      37.0000
      38.0000
      39.0000
      40.0000
      41.0000
      42.0000
      43.0000
      44.0000
      45.0000
      46.0000
      47.0000
      48.0000
      49.0000
      50.0000
      51.0000
      52.0000
      53.0000
      54.0000
      55.0000
      56.0000
      57.0000
      58.0000
      59.0000
      60.0000
      61.0000
      62.0000
      63.0000
      64.0000
      65.0000
      66.0000
      67.0000
      68.0000
      69.0000
      70.0000
      71.0000
      72.0000
      73.0000
      74.0000
      75.0000
      76.0000
      77.0000
      78.0000
      79.0000
      80.0000
      81.0000
      82.0000
      83.0000
      84.0000
      85.0000
      86.0000
      87.0000
      88.0000
      89.0000
      90.0000
      91.0000
      92.0000
      93.0000
      94.0000
      95.0000
      96.0000
      97.0000
      98.0000
      99.0000
      100.000
      101.000
      102.000
      103.000
      104.000
      105.000
      106.000
      107.000
      108.000
      109.000
      110.000
      111.000
      112.000
      113.000
      114.000
      115.000
      116.000
      117.000
      118.000
      119.000
      120.000
      121.000
      122.000
      123.000
      124.000
      125.000
      126.000
      127.000
      128.000
      129.000
      130.000
      131.000
      132.000
      133.000
      134.000
      135.000
      136.000
      137.000
      138.000
      139.000
      140.000
      141.000
      142.000
      143.000
      144.000
      145.000
      146.000
      147.000
      148.000
      149.000
      150.000
      151.000
      152.000
      153.000
      154.000
      155.000
      156.000
      157.000
      158.000
      159.000
      160.000
      161.000
      162.000
      163.000
      164.000
      165.000
      166.000
      167.000
      168.000
      169.000
      170.000
      171.000
      172.000
      173.000
      174.000
      175.000
      176.000
      177.000
      178.000
      179.000
      180.000
      180.990
      181.990
      182.960
      183.960
      184.990
      186.000
      186.980
      187.980
      189.010
      189.990
      190.940
      191.950
      193.000
      194.000
      194.970
      195.970
      197.020
      198.010
      198.950
      199.950
      201.000
      202.000
      202.960
      203.970
      205.010
      206.000
      206.950
      207.950
      209.000
      210.010
      210.980
      211.980
      213.010
      214.000
      214.950
      215.950
      216.990
      218.000
      219.000
      220.000
      221.020
      222.000
      222.930
      223.930
      224.990
      226.000
      227.000
      228.010
      229.010
      230.000
      230.960
      231.950
      232.970
      233.980
      235.000
      236.010
      237.010
      238.000
      238.980
      239.960
      240.960
      241.970
      242.990
      244.000
      245.010
      246.010
      246.970
      247.950
      248.980
      249.990
      250.990
      252.000
      253.020
      253.990
      254.930
      255.950
      257.030
      258.030
      258.970
      259.960
      261.010
      262.000
      262.950
      263.960
      265.010
      266.020
      266.970
      267.970
      269.030
      270.010
      270.940
      271.950
      273.010
      274.010
      274.970
      275.980
      277.020
      278.000
      278.940
      279.950
      281.010
      282.010
      282.980
      283.990
      285.010
      286.000
      286.940
      287.950
      289.010
      290.010
      290.990
      291.990
      293.010
      294.000
      294.960
      295.960
      296.990
      297.990
      298.990
      300.000
      301.020
      302.000
      302.960
      303.960
      304.980
      305.990
      307.000
      308.000
      309.010
      310.000
      310.960
      311.950
      313.000
      314.000
      314.980
      315.990
      317.020
      318.000
      318.950
      319.950
      321.010
      322.010
      322.980
      323.970
      325.010
      326.010
      326.950
      327.950
      329.000
      330.010
      330.980
      331.990
      333.020
      334.010
      334.950
      335.940
      336.990
      338.000
      338.990
      340.000
      341.020
      342.000
      342.950
      343.950
      345.000
      346.020
      346.990
      347.990
      349.010
      350.000
      350.940
      351.950
      353.010
      354.010
      355.000
      356.000
      357.000
      357.990
      358.960
      359.960
      360.990
      362.000
      362.990
      364.000
      365.010
      366.000
      366.960
      367.960
      368.990
      370.000
      370.990
      372.000
      373.010
      374.000
      374.950
      375.960
      377.010
      378.020
      378.990
      379.980
      381.000
      381.980
      382.940
      383.970
      385.020
      386.010
      386.980
      387.980
      389.010
      390.000
      390.950
      391.950
      393.000
      394.010
      394.980
      395.980
      397.020
      398.020
      398.960
      399.950
      400.990
      402.000
      402.980
      403.990
      405.010
      406.000
      406.960
      407.960
      409.000
      410.000
      410.990
      412.000
      413.010
      413.990
      414.930
      415.950
      417.010
      418.010
      419.000
      420.000
      421.000
      421.990
      422.960
      423.950
      424.980
      425.990
      427.000
      428.010
      429.010
      430.000
      430.970
      431.960
      432.970
      433.980
      435.000
      436.010
      437.010
      438.000
      438.960
      439.950
      441.000
      442.010
      442.990
      443.990
      445.010
      446.000
      446.940
      447.950
      449.010
      450.020
      450.990
      451.990
      453.010
      454.000
      454.950
      455.950
      457.000
      458.000
      458.980
      459.990
      461.020
      462.000
      462.960
      463.960
      465.000
      466.000
      466.990
      467.990
      469.010
      470.010
      470.960
      471.950
      472.990
      474.000
      475.000
      476.010
      477.020
      478.010
      478.940
      479.940
      481.000
      482.010
      483.010
      484.010
      485.010
      486.000
      486.960
      487.950
      488.990
      489.990
      490.990
      492.010
      493.020
      494.010
      494.970
      495.950
      496.980
      497.990
      498.990
      499.990
      501.000
      502.010
      502.980
      503.970
      505.010
      506.020
      506.980
      507.950
      508.930
      509.880
      511.100
      512.140
      512.950
      513.960
      514.950
      515.960
      517.000
      518.010
      518.960
      519.960
      521.020
      522.020
      522.980
      523.970
      525.020
      526.000
      526.940
      527.950
      529.010
      530.010
      530.980
      531.980
      533.020
      534.010
      534.950
      535.950
      537.000
      538.010
      538.980
      539.990
      541.020
      542.000
      542.940
      543.950
      545.000
      546.010
      547.000
      548.000
      549.010
      550.000
      550.950
      551.950
      553.000
      554.000
      554.980
      555.990
      557.010
      558.000
      558.970
      559.960
      560.990
      562.010
      562.990
      563.990
      565.000
      566.000
      566.960
      567.960
      569.010
      570.010
      570.990
      571.990
      573.010
      574.000
      574.950
      575.950
      577.000
      578.020
      578.990
      579.990
      581.020
      582.000
      582.950
      583.950
      585.000
      586.000
      586.980
      587.990
      589.020
      590.010
      590.960
      591.950
      593.000
      594.000
      594.980
      595.990
      597.010
      598.010
      598.950
      599.950
      601.000
      602.020
      602.990
      603.990
      605.010
      605.990
      606.940
      607.950
      609.010
      610.020
      611.000
      612.000
      613.000
      614.000
      614.960
      615.960
      617.000
      618.000
      618.980
      619.990
      621.010
      622.010
      622.970
      623.960
      624.980
      625.990
      626.990
      627.990
      629.010
      630.000
      630.960
      631.960
      633.000
      634.010
      634.990
      636.000
      637.020
      637.990
      638.930
      639.950
      641.010
      642.020
      642.990
      643.990
      645.010
      646.000
      646.950
      647.940
      649.000
      650.010
      650.990
      651.990
      653.020
      654.000
      654.960
      655.950
      656.990
      658.010
      659.000
      660.000
      661.010
      662.000
      662.950
      663.950
      665.000
      666.010
      667.000
      668.000
      669.010
      670.000
      670.950
      671.950
      673.000
      674.000
      675.000
      676.000
      677.010
      678.000
      678.960
      679.970
      681.000
      682.000
      682.990
      683.990
      685.000
      686.000
      686.980
      687.970
      688.990
      690.000
      690.990
      691.990
      692.990
      694.000
      694.960
      695.960
      697.000
      698.000
      699.000
      700.000
      701.000
      701.990
      702.950
      703.950
      705.000
      706.020
      707.000
      707.990
      709.010
      710.000
      710.950
      711.950
      713.000
      714.000
      714.980
      716.000
      717.020
      718.010
      718.970
      719.950
      720.990
      722.000
      722.990
      724.000
      725.020
      726.010
      726.960
      727.960
      729.000
      730.000
      731.000
      732.000
      733.010
      734.010
      734.950
      735.950
      737.000
      738.010
      739.010
      740.010
      741.000
      742.000
      742.970
      743.960
      744.990
      745.990
      746.990
      748.010
      749.010
      750.010
      750.980
      751.970
      752.980
      753.990
      755.000
      756.000
      757.010
      758.000
      758.960
      759.960
      761.000
      762.010
      763.010
      764.020
      765.020
      766.010
      766.890
      767.910
      769.040
      770.040
      771.010
      772.000
      773.010
      773.990
      774.940
      775.950
      777.000
      778.010
      779.000
      780.000
      781.020
      782.000
      782.950
      783.950
      785.000
      786.010
      787.000
      788.000
      789.010
      790.000
      790.950
      791.950
      793.010
      794.010
      794.990
      796.000
      797.020
      798.000
      798.950
      799.950
      801.010
      802.010
      802.990
      803.990
      805.010
      806.000
      806.960
      807.970
      809.000
      810.000
      810.990
      811.990
      813.010
      814.000
      814.960
      815.960
      817.000
      818.000
      819.000
      820.000
      821.010
      822.000
      822.950
      823.960
      825.000
      826.010
      827.000
      828.010
      829.020
      830.000
      830.950
      831.950
      833.000
      834.010
      835.010
      836.010
      837.010
      837.990
      838.950
      839.960
      841.000
      842.000
      843.000
      844.010
      845.010
      846.000
      846.960
      847.960
      848.990
      850.000
      851.000
      852.010
      853.010
      854.000
      854.950
      855.960
      857.010
      858.010
      859.000
      860.000
      861.010
      861.990
      862.950
      863.960
      865.010
      866.010
      867.000
      868.000
      869.010
      870.000
      870.960
      871.960
      872.990
      874.000
      875.000
      876.010
      877.020
      878.010
      878.960
      879.950
      881.000
      882.010
      883.000
      883.990
      885.000
      886.000
      886.950
      887.960
      889.010
      890.030
      891.000
      891.990
      893.000
      893.980
      894.940
      895.970
      897.030
      898.020
      899.000
      899.990
      901.010
      901.990
      902.950
      903.950
      905.010
      906.010
      907.000
      908.000
      909.010
      910.000
      910.950
      911.950
      913.010
      914.010
      914.990
      916.000
      917.010
      918.000
      918.960
      919.960
      921.000
      922.010
      922.990
      924.000
      925.020
      926.000
      926.940
      927.950
      929.020
      930.020
      931.000
      932.000
      933.000
      933.990
      934.960
      935.970
      937.010
      938.000
      939.000
      940.010
      941.010
      942.000
      942.960
      943.960
      944.990
      946.000
      947.000
      948.010
      949.010
      950.000
      950.960
      951.960
      953.000
      954.010
      955.000
      956.010
      957.020
      958.000
      958.940
      959.950
      961.010
      962.010
      963.000
      964.000
      965.010
      966.000
      966.960
      967.970
      969.000
      970.000
      970.990
      972.000
      973.020
      974.000
      974.960
      975.960
      977.000
      978.010
      979.000
      980.010
      981.010
      982.000
      982.950
      983.960
      985.000
      986.010
      987.000
      988.000
      989.020
      990.010
      990.940
      991.950
      993.010
      994.010
      995.000
      996.000
      997.010
      998.000
      998.960
      999.960
      1000.99
      1002.00
      1003.00
      1004.01
      1005.02
      1006.01
      1006.96
      1007.96
      1008.99
      1009.99
      1010.98
      1011.99
      1013.00
      1014.01
      1014.99
      1016.00
      1017.03
      1018.02
      1018.98
      1019.93
      1020.89
      1021.83
      1023.20
      1024.25
      1024.91
      1025.91
      1026.92
      1027.96
      1029.01
      1030.01
      1030.97
      1031.97
      1033.02
      1034.02
      1034.99
      1035.99
      1037.01
      1037.99
      1038.94
      1039.95
      1041.00
      1042.01
      1043.00
      1044.00
      1045.01
      1046.00
      1046.94
      1047.95
      1049.01
      1050.01
      1051.00
      1052.01
      1053.02
      1054.01
      1054.93
      1055.93
      1057.01
      1058.01
      1059.01
      1060.01
      1061.02
      1062.00
      1062.95
      1063.95
      1065.00
      1066.01
      1067.00
      1068.00
      1069.02
      1070.00
      1070.96
      1071.95
      1072.99
      1074.01
      1075.01
      1076.01
      1077.01
      1078.00
      1078.94
      1079.95
      1081.00
      1082.01
      1083.01
      1084.01
      1085.02
      1086.00
      1086.94
      1087.94
      1089.00
      1090.01
      1091.01
      1092.01
      1093.02
      1094.00
      1094.95
      1095.95
      1097.00
      1098.00
      1099.00
      1100.00
      1101.02
      1102.01
      1102.96
      1103.95
      1104.99
      1106.00
      1107.00
      1108.01
      1109.01
      1110.01
      1110.95
      1111.95
      1113.00
      1114.00
      1115.01
      1116.01
      1117.01
      1118.01
      1118.94
      1119.94
      1121.01
      1122.00
      1123.00
      1124.00
      1125.01
      1126.01
      1126.96
      1127.96
      1129.00
      1130.00
      1130.99
      1132.00
      1133.01
      1134.01
      1134.97
      1135.96
      1136.99
      1138.00
      1139.00
      1140.00
      1141.01
      1142.00
      1142.96
      1143.95
      1145.01
      1146.01
      1147.00
      1148.00
      1149.01
      1149.98
      1150.94
      1151.96
      1153.01
      1154.02
      1155.00
      1156.00
      1157.01
      1157.99
      1158.94
      1159.95
      1161.02
      1162.02
      1163.00
      1163.99
      1165.00
      1165.99
      1166.95
      1167.96
      1169.01
      1170.02
      1171.01
      1172.01
      1173.01
      1173.99
      1174.94
      1175.95
      1177.01
      1178.02
      1179.01
      1180.01
      1181.01
      1182.00
      1182.93
      1183.94
      1185.02
      1186.02
      1187.01
      1188.00
      1189.01
      1190.00
      1190.95
      1191.96
      1193.00
      1194.00
      1195.00
      1196.01
      1197.01
      1198.00
      1198.97
      1199.96
      1200.99
      1202.00
      1203.00
      1204.01
      1205.01
      1206.00
      1206.96
      1207.95
      1209.00
      1210.01
      1211.01
      1212.01
      1213.01
      1214.00
      1214.94
      1215.95
      1217.01
      1218.01
      1219.01
      1220.01
      1221.01
      1222.00
      1222.95
      1223.95
      1225.00
      1226.01
      1227.01
      1228.01
      1229.01
      1230.00
      1230.96
      1231.95
      1232.99
      1234.00
      1235.01
      1236.01
      1237.01
      1238.00
      1238.96
      1239.96
      1240.99
      1242.00
      1243.01
      1244.02
      1245.02
      1246.01
      1246.93
      1247.94
      1249.01
      1250.01
      1251.01
      1252.00
      1253.00
      1254.00
      1254.96
      1255.96
      1257.00
      1258.00
      1258.99
      1260.00
      1261.02
      1262.01
      1262.97
      1263.96
      1264.99
      1266.00
      1267.01
      1268.01
      1269.00
      1270.00
      1270.95
      1271.95
      1272.99
      1274.01
      1275.03
      1276.03
      1277.03
      1278.03
      1278.85
      1279.87
      1281.06
      1282.04
      1283.03
      1284.02
      1285.01
      1285.99
      1286.94
      1287.94
      1288.99
      1290.00
      1291.01
      1292.01
      1293.01
      1294.00
      1294.97
      1295.96
      1296.98
      1297.99
      1299.01
      1300.02
      1301.01
      1301.99
      1302.94
      1303.96
      1305.01
      1306.01
      1307.02
      1308.01
      1309.01
      1309.99
      1310.93
      1311.94
      1313.01
      1314.01
      1315.01
      1316.02
      1317.01
      1317.99
      1318.95
      1319.95
      1321.00
      1322.00
      1323.00
      1324.01
      1325.01
      1326.00
      1326.97
      1327.97
      1328.99
      1329.99
      1331.00
      1332.01
      1333.01
      1334.00
      1334.96
      1335.96
      1337.00
      1338.00
      1339.01
      1340.02
      1341.02
      1342.00
      1342.93
      1343.94
      1345.00
      1346.01
      1347.01
      1348.02
      1349.01
      1350.00
      1350.95
      1351.95
      1353.00
      1354.01
      1355.01
      1356.01
      1357.00
      1357.99
      1358.97
      1359.97
      1361.00
      1362.00
      1363.00
      1364.00
      1365.00
      1366.00
      1366.96
      1367.96
      1369.00
      1370.00
      1371.01
      1372.02
      1373.01
      1374.00
      1374.93
      1375.95
      1377.02
      1378.01
      1379.01
      1380.01
      1381.01
      1382.00
      1382.95
      1383.96
      1385.00
      1386.00
      1387.00
      1388.00
      1389.00
      1390.01
      1390.98
      1391.97
      1392.99
      1394.00
      1395.00
      1396.00
      1397.00
      1398.00
      1398.96
      1399.96
      1401.01
      1402.02
      1403.02
      1404.01
      1405.00
      1405.97
      1406.94
      1407.97
      1409.02
      1410.01
      1411.01
      1412.01
      1413.01
      1414.00
      1414.95
      1415.95
      1417.00
      1418.01
      1419.01
      1420.01
      1421.01
      1422.00
      1422.96
      1423.97
      1424.99
      1426.00
      1427.01
      1428.02
      1429.01
      1430.00
      1430.95
      1431.95
      1433.00
      1434.01
      1435.01
      1436.02
      1437.01
      1438.00
      1438.94
      1439.95
      1441.02
      1442.02
      1443.01
      1444.01
      1445.01
      1446.01
      1446.96
      1447.95
      1448.99
      1450.00
      1451.01
      1452.02
      1453.02
      1454.01
      1454.96
      1455.96
      1456.99
      1458.00
      1459.01
      1460.02
      1461.01
      1462.00
      1462.96
      1463.96
      1465.00
      1466.00
      1467.00
      1468.02
      1469.02
      1470.01
      1470.94
      1471.95
      1473.01
      1474.01
      1475.01
      1476.01
      1477.01
      1478.00
      1478.96
      1479.96
      1481.00
      1482.00
      1483.01
      1484.01
      1485.01
      1486.00
      1486.96
      1487.96
      1489.00
      1490.01
      1491.01
      1492.02
      1493.01
      1494.00
      1494.95
      1495.95
      1497.01
      1498.01
      1499.01
      1500.02
      1501.02
      1502.00
      1502.93
      1503.94
      1505.01
      1506.02
      1507.01
      1508.01
      1509.01
      1510.00
      1510.95
      1511.95
      1513.00
      1514.01
      1515.01
      1516.02
      1517.01
      1518.00
      1518.97
      1519.96
      1520.99
      1522.00
      1523.00
      1524.01
      1525.01
      1526.01
      1526.97
      1527.98
      1529.03
      1530.03
      1531.00
      1531.97
      1532.93
      1533.87
      1535.09
      1536.15
      1536.96
      1537.96
      1538.97
      1539.99
      1541.00
      1541.99
      1542.95
      1543.97
      1545.02
      1546.02
      1547.01
      1548.01
      1549.00
      1549.99
      1550.96
      1551.97
      1553.00
      1554.00
      1555.01
      1556.01
      1557.01
      1558.00
      1558.95
      1559.95
      1561.01
      1562.01
      1563.02
      1564.02
      1565.02
      1566.01
      1566.93
      1567.94
      1569.01
      1570.01
      1571.02
      1572.02
      1573.01
      1574.00
      1574.95
      1575.95
      1577.00
      1578.00
      1579.01
      1580.01
      1581.01
      1582.00
      1582.97
      1583.97
      1584.99
      1586.00
      1587.01
      1588.01
      1589.01
      1590.01
      1590.95
      1591.95
      1593.00
      1594.01
      1595.01
      1596.01
      1597.01
      1598.00
      1598.94
      1599.95
      1601.01
      1602.01
      1603.01
      1604.01
      1605.01
      1606.00
      1606.95
      1607.95
      1609.00
      1610.01
      1611.01
      1612.01
      1613.00
      1614.00
      1614.97
      1615.97
      1617.00
      1618.00
      1619.00
      1620.01
      1621.01
      1622.00
      1622.95
      1623.96
      1625.00
      1626.00
      1627.01
      1628.02
      1629.02
      1630.00
      1630.94
      1631.94
      1633.01
      1634.01
      1635.01
      1636.01
      1637.02
      1638.01
      1638.95
      1639.95
      1641.00
      1642.00
      1643.01
      1644.01
      1645.01
      1646.00
      1646.97
      1647.97
      1649.00
      1650.00
      1651.00
      1652.01
      1653.01
      1654.00
      1654.96
      1655.96
      1657.00
      1658.01
      1659.02
      1660.01
      1661.00
      1661.99
      1662.94
      1663.96
      1665.02
      1666.01
      1667.01
      1668.01
      1669.01
      1670.00
      1670.95
      1671.95
      1673.00
      1674.01
      1675.01
      1676.01
      1677.01
      1678.00
      1678.96
      1679.96
      1680.99
      1682.00
      1683.01
      1684.02
      1685.01
      1686.00
      1686.95
      1687.95
      1689.00
      1690.01
      1691.02
      1692.02
      1693.01
      1694.00
      1694.94
      1695.95
      1697.02
      1698.01
      1699.01
      1700.01
      1701.01
      1702.00
      1702.95
      1703.96
      1705.00
      1706.00
      1707.01
      1708.01
      1709.01
      1710.00
      1710.97
      1711.96
      1712.99
      1714.00
      1715.00
      1716.01
      1717.01
      1718.01
      1718.96
      1719.96
      1721.00
      1722.00
      1723.01
      1724.01
      1725.02
      1726.00
      1726.94
      1727.96
      1729.02
      1730.01
      1731.01
      1732.00
      1733.01
      1734.01
      1734.96
      1735.96
      1737.00
      1738.00
      1739.00
      1740.01
      1741.01
      1742.01
      1742.97
      1743.96
      1744.99
      1746.00
      1747.00
      1748.01
      1749.01
      1750.00
      1750.96
      1751.96
      1753.00
      1754.01
      1755.01
      1756.02
      1757.02
      1758.00
      1758.94
      1759.95
      1761.01
      1762.01
      1763.02
      1764.02
      1765.01
      1766.00
      1766.95
      1767.95
      1769.00
      1770.01
      1771.01
      1772.01
      1773.01
      1774.01
      1774.97
      1775.96
      1776.98
      1778.00
      1779.01
      1780.02
      1781.01
      1782.00
      1782.95
      1783.95
      1785.00
      1786.01
      1787.03
      1788.04
      1789.04
      1790.02
      1790.86
      1791.89
      1793.07
      1794.05
      1795.03
      1796.02
      1797.00
      1797.99
      1798.94
      1799.94
      1801.00
      1802.01
      1803.02
      1804.02
      1805.01
      1806.00
      1806.97
      1807.96
      1808.99
      1810.00
      1811.01
      1812.01
      1813.01
      1814.00
      1814.95
      1815.96
      1817.00
      1818.01
      1819.02
      1820.03
      1821.01
      1821.99
      1822.93
      1823.95
      1825.01
      1826.02
      1827.02
      1828.01
      1829.01
      1830.00
      1830.95
      1831.95
      1833.01
      1834.01
      1835.01
      1836.01
      1837.00
      1837.99
      1838.97
      1839.97
      1840.99
      1842.00
      1843.01
      1844.02
      1845.01
      1846.00
      1846.95
      1847.95
      1849.01
      1850.01
      1851.01
      1852.03
      1853.02
      1854.00
      1854.93
      1855.95
      1857.01
      1858.01
      1859.01
      1860.02
      1861.01
      1862.00
      1862.96
      1863.95
      1865.00
      1866.00
      1867.01
      1868.01
      1869.00
      1870.00
      1870.98
      1871.97
      1872.98
      1873.99
      1875.01
      1876.02
      1877.01
      1878.01
      1878.96
      1879.96
      1881.01
      1882.01
      1883.01
      1884.01
      1885.01
      1886.00
      1886.94
      1887.95
      1889.02
      1890.02
      1891.02
      1892.02
      1893.01
      1894.00
      1894.95
      1895.95
      1897.00
      1898.01
      1899.01
      1900.01
      1901.00
      1901.99
      1902.98
      1903.98
      1904.99
      1905.99
      1907.00
      1908.01
      1909.01
      1910.01
      1910.95
      1911.96
      1913.01
      1914.01
      1915.02
      1916.02
      1917.01
      1917.99
      1918.93
      1919.95
      1921.03
      1922.02
      1923.02
      1924.02
      1925.01
      1926.00
      1926.95
      1927.95
      1929.00
      1930.01
      1931.02
      1932.02
      1933.01
      1933.99
      1934.97
      1935.97
      1936.99
      1938.00
      1939.01
      1940.02
      1941.01
      1942.00
      1942.95
      1943.96
      1945.01
      1946.01
      1947.02
      1948.03
      1949.01
      1950.00
      1950.94
      1951.95
      1953.01
      1954.01
      1955.02
      1956.02
      1957.02
      1958.00
      1958.96
      1959.96
      1961.00
      1962.00
      1963.01
      1964.02
      1965.02
      1966.01
      1966.98
      1967.97
      1968.99
      1970.00
      1971.01
      1972.01
      1973.01
      1974.01
      1974.96
      1975.96
      1977.01
      1978.01
      1979.02
      1980.02
      1981.01
      1982.00
      1982.93
      1983.95
      1985.02
      1986.02
      1987.02
      1988.02
      1989.01
      1990.00
      1990.95
      1991.96
      1993.01
      1994.00
      1995.01
      1996.01
      1997.01
      1998.00
      1998.98
      1999.98
      2000.99
      2001.99
      2003.01
      2004.02
      2005.01
      2006.01
      2006.95
      2007.95
      2009.01
      2010.02
      2011.02
      2012.02
      2013.01
      2014.00
      2014.93
      2015.94
      2017.01
      2018.02
      2019.03
      2020.03
      2021.01
      2022.00
      2022.95
      2023.95
      2025.00
      2026.01
      2027.01
      2028.01
      2029.01
      2030.00
      2030.98
      2031.98
      2032.99
      2034.00
      2035.01
      2036.01
      2037.00
      2037.99
      2038.94
      2039.94
      2041.01
      2042.03
      2043.05
      2044.06
      2045.06
      2046.03
      2046.76
      2047.83
      2049.13
      2050.09
      2051.05
      2052.02
      2053.00
      2053.97
      2054.92
      2055.94
      2057.00
      2058.01
      2059.02
      2060.02
      2061.01
      2062.00
      2062.97
      2063.97
      2064.99
      2066.00
      2067.01
      2068.01
      2069.01
      2070.00
      2070.95
      2071.96
      2073.01
      2074.02
      2075.01
      2076.02
      2077.02
      2078.00
      2078.92
      2079.94
      2081.02
      2082.02
      2083.02
      2084.02
      2085.01
      2086.00
      2086.94
      2087.94
      2089.00
      2090.01
      2091.02
      2092.02
      2093.01
      2093.99
      2094.97
      2095.96
      2096.99
      2098.00
      2099.01
      2100.01
      2101.01
      2102.01
      2102.96
      2103.95
      2105.01
      2106.01
      2107.01
      2108.02
      2109.02
      2110.02
      2110.93
      2111.94
      2113.01
      2114.01
      2115.02
      2116.02
      2117.02
      2118.01
      2118.95
      2119.95
      2121.00
      2122.00
      2123.01
      2124.01
      2125.01
      2126.01
      2126.98
      2127.96
      2128.98
      2129.99
      2131.01
      2132.02
      2133.02
      2134.01
      2134.95
      2135.95
      2137.00
      2138.01
      2139.02
      2140.02
      2141.02
      2142.01
      2142.93
      2143.94
      2145.02
      2146.02
      2147.02
      2148.01
      2149.01
      2150.01
      2150.95
      2151.95
      2153.00
      2154.01
      2155.01
      2156.02
      2157.01
      2158.00
      2158.97
      2159.96
      2160.99
      2162.00
      2163.01
      2164.02
      2165.02
      2166.01
      2166.95
      2167.95
      2169.01
      2170.02
      2171.02
      2172.02
      2173.00
      2173.99
      2174.94
      2175.96
      2177.02
      2178.02
      2179.02
      2180.02
      2181.01
      2182.00
      2182.94
      2183.95
      2185.01
      2186.02
      2187.02
      2188.02
      2189.01
      2189.99
      2190.96
      2191.96
      2192.99
      2194.00
      2195.01
      2196.02
      2197.02
      2198.01
      2198.95
      2199.95
      2201.00
      2202.01
      2203.02
      2204.03
      2205.02
      2206.01
      2206.93
      2207.94
      2209.02
      2210.01
      2211.02
      2212.02
      2213.02
      2214.01
      2214.95
      2215.95
      2217.00
      2218.01
      2219.01
      2220.01
      2221.01
      2222.01
      2222.97
      2223.97
      2225.00
      2226.00
      2227.01
      2228.01
      2229.01
      2230.01
      2230.95
      2231.95
      2233.01
      2234.02
      2235.02
      2236.02
      2237.02
      2238.01
      2238.93
      2239.94
      2241.02
      2242.02
      2243.02
      2244.02
      2245.02
      2246.01
      2246.95
      2247.95
      2248.99
      2250.00
      2251.01
      2252.02
      2253.02
      2254.01
      2254.97
      2255.97
      2256.99
      2257.99
      2259.01
      2260.02
      2261.02
      2262.01
      2262.96
      2263.95
      2265.00
      2266.01
      2267.02
      2268.02
      2269.02
      2270.01
      2270.93
      2271.93
      2273.02
      2274.02
      2275.02
      2276.02
      2277.01
      2278.00
      2278.95
      2279.95
      2281.01
      2282.01
      2283.01
      2284.01
      2285.01
      2286.01
      2286.97
      2287.97
      2289.00
      2290.00
      2291.01
      2292.01
      2293.01
      2294.01
      2294.95
      2295.95
      2297.01
      2298.02
      2299.03
      2300.03
      2301.03
      2302.02
      2302.87
      2303.89
      2305.06
      2306.05
      2307.04
      2308.02
      2309.01
      2309.99
      2310.93
      2311.94
      2313.01
      2314.02
      2315.02
      2316.02
      2317.01
      2318.00
      2318.96
      2319.96
      2320.99
      2322.01
      2323.02
      2324.02
      2325.01
      2326.01
      2326.95
      2327.95
      2329.01
      2330.01
      2331.02
      2332.02
      2333.02
      2334.01
      2334.93
      2335.94
      2337.02
      2338.02
      2339.02
      2340.01
      2341.01
      2342.01
      2342.95
      2343.95
      2345.00
      2346.01
      2347.01
      2348.02
      2349.01
      2350.01
      2350.97
      2351.96
      2352.99
      2354.00
      2355.01
      2356.02
      2357.02
      2358.01
      2358.95
      2359.95
      2361.01
      2362.02
      2363.02
      2364.03
      2365.02
      2366.01
      2366.93
      2367.93
      2369.02
      2370.02
      2371.03
      2372.03
      2373.02
      2374.01
      2374.95
      2375.94
      2377.00
      2378.01
      2379.02
      2380.02
      2381.02
      2382.01
      2382.97
      2383.96
      2384.99
      2386.00
      2387.01
      2388.02
      2389.02
      2390.01
      2390.96
      2391.96
      2393.01
      2394.00
      2395.01
      2396.02
      2397.02
      2398.01
      2398.93
      2399.94
      2401.02
      2402.02
      2403.02
      2404.02
      2405.01
      2406.01
      2406.95
      2407.95
      2409.00
      2410.01
      2411.02
      2412.02
      2413.01
      2414.01
      2414.98
      2415.96
      2416.99
      2418.00
      2419.01
      2420.02
      2421.01
      2422.01
      2422.96
      2423.95
      2425.01
      2426.01
      2427.02
      2428.02
      2429.01
      2430.00
      2430.94
      2431.95
      2433.02
      2434.02
      2435.02
      2436.02
      2437.01
      2438.00
      2438.94
      2439.94
      2441.00
      2442.01
      2443.02
      2444.02
      2445.01
      2446.00
      2446.97
      2447.97
      2448.99
      2450.00
      2451.02
      2452.03
      2453.02
      2454.00
      2454.94
      2455.95
      2457.01
      2458.02
      2459.03
      2460.03
      2461.02
      2462.01
      2462.93
      2463.93
      2465.01
      2466.02
      2467.03
      2468.03
      2469.02
      2470.00
      2470.95
      2471.95
      2473.00
      2474.01
      2475.01
      2476.02
      2477.02
      2478.00
      2478.97
      2479.97
      2480.99
      2482.00
      2483.01
      2484.02
      2485.02
      2486.01
      2486.95
      2487.95
      2489.01
      2490.02
      2491.03
      2492.03
      2493.02
      2494.00
      2494.93
      2495.94
      2497.02
      2498.02
      2499.02
      2500.02
      2501.02
      2502.01
      2502.95
      2503.95
      2505.00
      2506.01
      2507.02
      2508.02
      2509.01
      2510.00
      2510.97
      2511.97
      2512.99
      2514.00
      2515.01
      2516.02
      2517.02
      2518.01
      2518.95
      2519.95
      2521.00
      2522.01
      2523.02
      2524.03
      2525.02
      2526.02
      2526.93
      2527.93
      2529.01
      2530.02
      2531.02
      2532.02
      2533.02
      2534.01
      2534.95
      2535.95
      2537.01
      2538.01
      2539.01
      2540.02
      2541.01
      2542.00
      2542.98
      2543.97
      2544.99
      2546.00
      2547.01
      2548.01
      2549.01
      2550.01
      2550.96
      2551.96
      2553.02
      2554.03
      2555.02
      2556.00
      2556.96
      2557.92
      2559.01
      2560.06
      2561.00
      2562.00
      2563.00
      2564.00
      2565.00
      2566.01
      2566.95
      2567.96
      2569.01
      2570.01
      2571.02
      2572.02
      2573.01
      2574.00
      2574.96
      2575.96
      2576.99
      2578.01
      2579.02
      2580.02
      2581.02
      2582.01
      2582.95
      2583.96
      2585.01
      2586.01
      2587.02
      2588.02
      2589.02
      2590.01
      2590.93
      2591.94
      2593.02
      2594.03
      2595.03
      2596.01
      2597.01
      2598.00
      2598.96
      2599.96
      2601.00
      2602.01
      2603.02
      2604.03
      2605.02
      2606.00
      2606.96
      2607.97
      2609.00
      2610.01
      2611.01
      2612.02
      2613.02
      2614.01
      2614.96
      2615.95
      2617.01
      2618.01
      2619.02
      2620.02
      2621.02
      2622.01
      2622.94
      2623.94
      2625.01
      2626.02
      2627.02
      2628.02
      2629.02
      2630.01
      2630.95
      2631.95
      2633.01
      2634.02
      2635.02
      2636.01
      2637.01
      2638.00
      2638.97
      2639.97
      2641.00
      2642.01
      2643.01
      2644.02
      2645.01
      2646.01
      2646.96
      2647.95
      2649.01
      2650.01
      2651.02
      2652.02
      2653.02
      2654.01
      2654.94
      2655.94
      2657.02
      2658.03
      2659.02
      2660.01
      2661.01
      2662.01
      2662.96
      2663.95
      2665.00
      2666.01
      2667.02
      2668.02
      2669.01
      2670.00
      2670.97
      2671.97
      2672.99
      2674.00
      2675.01
      2676.02
      2677.02
      2678.01
      2678.95
      2679.95
      2681.00
      2682.02
      2683.03
      2684.02
      2685.01
      2685.99
      2686.94
      2687.96
      2689.02
      2690.02
      2691.02
      2692.02
      2693.02
      2694.01
      2694.95
      2695.95
      2697.00
      2698.01
      2699.02
      2700.02
      2701.02
      2702.01
      2702.98
      2703.97
      2704.99
      2706.00
      2707.01
      2708.02
      2709.02
      2710.01
      2710.96
      2711.96
      2713.01
      2714.01
      2715.02
      2716.02
      2717.03
      2718.01
      2718.93
      2719.94
      2721.01
      2722.02
      2723.02
      2724.02
      2725.02
      2726.01
      2726.96
      2727.95
      2729.00
      2730.01
      2731.02
      2732.01
      2733.01
      2734.00
      2734.98
      2735.97
      2736.99
      2738.00
      2739.01
      2740.01
      2741.02
      2742.01
      2742.96
      2743.95
      2745.00
      2746.02
      2747.03
      2748.02
      2749.02
      2750.01
      2750.93
      2751.94
      2753.02
      2754.02
      2755.02
      2756.02
      2757.02
      2758.01
      2758.96
      2759.96
      2761.00
      2762.01
      2763.01
      2764.01
      2765.01
      2766.01
      2766.98
      2767.97
      2768.99
      2770.00
      2771.01
      2772.02
      2773.02
      2774.02
      2774.96
      2775.95
      2777.00
      2778.01
      2779.02
      2780.02
      2781.02
      2782.02
      2782.95
      2783.94
      2785.01
      2786.02
      2787.02
      2788.02
      2789.02
      2790.01
      2790.96
      2791.96
      2793.00
      2794.01
      2795.01
      2796.02
      2797.02
      2798.01
      2798.98
      2799.97
      2800.99
      2802.00
      2803.01
      2804.02
      2805.02
      2806.01
      2806.96
      2807.95
      2809.00
      2810.01
      2811.03
      2812.04
      2813.04
      2814.03
      2814.86
      2815.88
      2817.07
      2818.05
      2819.04
      2820.03
      2821.01
      2821.99
      2822.94
      2823.95
      2825.00
      2826.01
      2827.02
      2828.02
      2829.01
      2830.00
      2830.97
      2831.98
      2833.00
      2834.00
      2835.01
      2836.02
      2837.02
      2838.01
      2838.96
      2839.96
      2841.01
      2842.01
      2843.02
      2844.03
      2845.02
      2846.00
      2846.94
      2847.95
      2849.02
      2850.02
      2851.02
      2852.02
      2853.02
      2854.01
      2854.95
      2855.95
      2857.00
      2858.01
      2859.02
      2860.02
      2861.02
      2862.00
      2862.97
      2863.98
      2865.00
      2866.00
      2867.01
      2868.02
      2869.01
      2870.01
      2870.96
      2871.96
      2873.01
      2874.01
      2875.02
      2876.02
      2877.02
      2878.00
      2878.94
      2879.95
      2881.03
      2882.02
      2883.02
      2884.03
      2885.01
      2886.00
      2886.95
      2887.96
      2889.02
      2890.02
      2891.01
      2892.01
      2893.01
      2894.00
      2894.98
      2895.97
      2896.99
      2898.00
      2899.02
      2900.02
      2901.02
      2902.01
      2902.96
      2903.96
      2905.01
      2906.01
      2907.02
      2908.03
      2909.02
      2910.01
      2910.94
      2911.95
      2913.02
      2914.01
      2915.02
      2916.03
      2917.02
      2918.01
      2918.96
      2919.96
      2921.00
      2922.00
      2923.01
      2924.02
      2925.02
      2926.01
      2926.98
      2927.97
      2928.99
      2930.00
      2931.01
      2932.02
      2933.01
      2934.01
      2934.96
      2935.97
      2937.02
      2938.02
      2939.02
      2940.02
      2941.01
      2942.00
      2942.94
      2943.96
      2945.02
      2946.02
      2947.02
      2948.02
      2949.01
      2950.00
      2950.95
      2951.96
      2953.01
      2954.01
      2955.02
      2956.02
      2957.00
      2958.00
      2958.98
      2959.99
      2961.01
      2962.00
      2963.01
      2964.02
      2965.01
      2966.00
      2966.96
      2967.96
      2969.02
      2970.02
      2971.02
      2972.03
      2973.02
      2974.00
      2974.93
      2975.95
      2977.03
      2978.02
      2979.03
      2980.03
      2981.01
      2982.00
      2982.95
      2983.96
      2985.01
      2986.01
      2987.01
      2988.02
      2989.02
      2990.01
      2990.98
      2991.98
      2993.00
      2993.99
      2995.00
      2996.02
      2997.02
      2998.02
      2998.97
      2999.97
      3001.01
      3002.01
      3003.01
      3004.02
      3005.02
      3006.02
      3006.94
      3007.95
      3009.03
      3010.02
      3011.02
      3012.02
      3013.02
      3014.01
      3014.96
      3015.96
      3017.00
      3018.00
      3019.02
      3020.03
      3021.02
      3022.01
      3022.97
      3023.97
      3025.00
      3026.00
      3027.01
      3028.02
      3029.01
      3030.01
      3030.97
      3031.96
      3033.01
      3034.01
      3035.02
      3036.03
      3037.02
      3038.02
      3038.94
      3039.94
      3041.02
      3042.02
      3043.02
      3044.02
      3045.02
      3046.01
      3046.96
      3047.96
      3049.01
      3050.01
      3051.02
      3052.02
      3053.02
      3054.01
      3054.98
      3055.98
      3057.00
      3058.00
      3059.00
      3060.01
      3061.01
      3062.02
      3062.98
      3063.99
      3065.04
      3066.03
      3067.01
      3067.99
      3068.94
      3069.87
      3071.05
      3072.15
      3073.01
      3073.98
      3074.98
      3075.99
      3076.99
      3077.99
      3078.96
      3079.97
      3081.02
      3082.03
      3083.02
      3084.02
      3085.00
      3085.98
      3086.96
      3087.97
      3089.01
      3090.01
      3091.01
      3092.02
      3093.01
      3094.01
      3094.96
      3095.96
      3097.01
      3098.01
      3099.02
      3100.03
      3101.03
      3102.01
      3102.93
      3103.94
      3105.02
      3106.02
      3107.03
      3108.03
      3109.01
      3110.00
      3110.95
      3111.95
      3113.01
      3114.01
      3115.02
      3116.02
      3117.01
      3118.00
      3118.97
      3119.97
      3120.99
      3122.00
      3123.02
      3124.03
      3125.02
      3126.01
      3126.95
      3127.95
      3129.01
      3130.01
      3131.02
      3132.03
      3133.02
      3134.01
      3134.95
      3135.95
      3137.01
      3138.01
      3139.02
      3140.03
      3141.02
      3142.00
      3142.96
      3143.96
      3145.00
      3146.00
      3147.02
      3148.02
      3149.01
      3150.01
      3150.98
      3151.97
      3153.00
      3154.00
      3155.01
      3156.02
      3157.01
      3158.01
      3158.96
      3159.96
      3161.01
      3162.01
      3163.02
      3164.03
      3165.02
      3166.01
      3166.93
      3167.94
      3169.02
      3170.02
      3171.02
      3172.03
      3173.03
      3174.01
      3174.95
      3175.95
      3177.00
      3178.00
      3179.02
      3180.03
      3181.02
      3182.01
      3182.98
      3183.97
      3184.99
      3185.99
      3187.01
      3188.02
      3189.01
      3190.02
      3190.97
      3191.96
      3193.01
      3194.02
      3195.03
      3196.03
      3197.00
      3197.98
      3198.95
      3199.98
      3201.02
      3202.02
      3203.02
      3204.03
      3205.01
      3206.01
      3206.95
      3207.95
      3209.01
      3210.02
      3211.03
      3212.03
      3213.01
      3214.00
      3214.96
      3215.97
      3217.01
      3218.01
      3219.02
      3220.03
      3221.02
      3222.01
      3222.95
      3223.96
      3225.01
      3226.01
      3227.02
      3228.04
      3229.03
      3230.02
      3230.92
      3231.93
      3233.03
      3234.02
      3235.03
      3236.03
      3237.01
      3238.01
      3238.95
      3239.95
      3241.01
      3242.01
      3243.02
      3244.02
      3245.01
      3246.00
      3246.97
      3247.97
      3249.00
      3250.00
      3251.02
      3252.03
      3253.02
      3254.01
      3254.95
      3255.95
      3257.01
      3258.02
      3259.03
      3260.03
      3261.02
      3262.01
      3262.93
      3263.95
      3265.02
      3266.01
      3267.03
      3268.03
      3269.02
      3270.01
      3270.96
      3271.96
      3273.01
      3274.01
      3275.02
      3276.02
      3277.01
      3278.01
      3278.97
      3279.97
      3281.01
      3282.01
      3283.02
      3284.02
      3285.02
      3286.01
      3286.95
      3287.95
      3289.01
      3290.02
      3291.03
      3292.03
      3293.03
      3294.02
      3294.92
      3295.93
      3297.03
      3298.03
      3299.03
      3300.03
      3301.01
      3302.01
      3302.96
      3303.96
      3305.01
      3306.01
      3307.01
      3308.01
      3309.01
      3310.01
      3310.98
      3311.98
      3313.01
      3314.01
      3315.02
      3316.02
      3317.01
      3318.00
      3318.95
      3319.95
      3321.02
      3322.03
      3323.04
      3324.05
      3325.04
      3326.04
      3326.84
      3327.86
      3329.08
      3330.06
      3331.05
      3332.04
      3333.01
      3333.99
      3334.94
      3335.94
      3337.00
      3338.01
      3339.03
      3340.03
      3341.02
      3342.01
      3342.97
      3343.97
      3345.00
      3346.00
      3347.01
      3348.02
      3349.02
      3350.02
      3350.96
      3351.95
      3353.01
      3354.02
      3355.02
      3356.02
      3357.02
      3358.01
      3358.93
      3359.94
      3361.03
      3362.03
      3363.03
      3364.02
      3365.02
      3366.00
      3366.95
      3367.95
      3369.01
      3370.02
      3371.02
      3372.03
      3373.02
      3374.00
      3374.96
      3375.96
      3377.00
      3378.01
      3379.02
      3380.02
      3381.02
      3382.01
      3382.95
      3383.96
      3385.02
      3386.02
      3387.02
      3388.02
      3389.02
      3390.01
      3390.94
      3391.95
      3393.03
      3394.02
      3395.02
      3396.02
      3397.02
      3398.01
      3398.96
      3399.96
      3401.00
      3402.01
      3403.02
      3404.02
      3405.02
      3406.01
      3406.98
      3407.97
      3409.00
      3410.00
      3411.01
      3412.02
      3413.02
      3414.01
      3414.96
      3415.96
      3417.01
      3418.01
      3419.02
      3420.02
      3421.02
      3422.01
      3422.93
      3423.95
      3425.03
      3426.03
      3427.02
      3428.02
      3429.01
      3430.01
      3430.96
      3431.96
      3433.01
      3434.01
      3435.02
      3436.02
      3437.02
      3438.01
      3438.97
      3439.97
      3441.00
      3442.01
      3443.01
      3444.02
      3445.02
      3446.02
      3446.96
      3447.96
      3449.02
      3450.02
      3451.02
      3452.02
      3453.01
      3453.99
      3454.95
      3455.97
      3457.03
      3458.02
      3459.02
      3460.01
      3461.01
      3462.01
      3462.96
      3463.96
      3465.01
      3466.02
      3467.02
      3468.02
      3469.02
      3470.01
      3470.97
      3471.98
      3473.00
      3474.01
      3475.01
      3476.02
      3477.02
      3478.01
      3478.96
      3479.96
      3481.01
      3482.01
      3483.01
      3484.03
      3485.03
      3486.02
      3486.93
      3487.94
      3489.02
      3490.03
      3491.03
      3492.03
      3493.02
      3494.00
      3494.95
      3495.96
      3497.02
      3498.02
      3499.02
      3500.02
      3501.02
      3502.01
      3502.96
      3503.97
      3505.01
      3506.01
      3507.02
      3508.02
      3509.02
      3510.01
      3510.96
      3511.96
      3513.02
      3514.02
      3515.01
      3516.02
      3517.03
      3518.02
      3518.93
      3519.94
      3521.03
      3522.02
      3523.02
      3524.02
      3525.02
      3526.02
      3526.96
      3527.95
      3529.00
      3530.01
      3531.02
      3532.02
      3533.02
      3534.02
      3534.98
      3535.97
      3537.00
      3538.01
      3539.01
      3540.01
      3541.02
      3542.02
      3542.96
      3543.96
      3545.01
      3546.02
      3547.02
      3548.02
      3549.03
      3550.02
      3550.93
      3551.94
      3553.03
      3554.03
      3555.02
      3556.02
      3557.02
      3558.01
      3558.96
      3559.96
      3561.01
      3562.01
      3563.02
      3564.01
      3565.02
      3566.02
      3566.98
      3567.97
      3569.00
      3570.00
      3571.01
      3572.01
      3573.02
      3574.02
      3574.97
      3575.97
      3577.03
      3578.02
      3579.02
      3580.01
      3580.98
      3581.93
      3583.01
      3584.07
      3585.01
      3586.00
      3586.99
      3588.00
      3589.01
      3590.01
      3590.96
      3591.97
      3593.03
      3594.02
      3595.01
      3596.01
      3597.02
      3598.00
      3598.97
      3599.97
      3601.01
      3602.02
      3603.01
      3604.02
      3605.02
      3606.02
      3606.96
      3607.96
      3609.01
      3610.02
      3611.02
      3612.03
      3613.03
      3614.02
      3614.94
      3615.95
      3617.03
      3618.02
      3619.02
      3620.02
      3621.02
      3622.01
      3622.96
      3623.96
      3625.02
      3626.02
      3627.01
      3628.02
      3629.02
      3630.01
      3630.97
      3631.97
      3633.01
      3634.02
      3635.01
      3636.02
      3637.02
      3638.02
      3638.96
      3639.96
      3641.02
      3642.02
      3643.02
      3644.03
      3645.03
      3646.01
      3646.94
      3647.95
      3649.03
      3650.03
      3651.02
      3652.02
      3653.02
      3654.02
      3654.96
      3655.96
      3657.01
      3658.02
      3659.02
      3660.01
      3661.02
      3662.02
      3662.98
      3663.98
      3665.01
      3666.01
      3667.01
      3668.01
      3669.02
      3670.01
      3670.97
      3671.97
      3673.02
      3674.02
      3675.02
      3676.02
      3677.03
      3678.02
      3678.93
      3679.95
      3681.04
      3682.03
      3683.02
      3684.02
      3685.02
      3686.01
      3686.96
      3687.96
      3689.02
      3690.02
      3691.01
      3692.01
      3693.02
      3694.02
      3694.98
      3695.97
      3697.01
      3698.01
      3699.01
      3700.02
      3701.02
      3702.02
      3702.96
      3703.97
      3705.02
      3706.03
      3707.02
      3708.02
      3709.02
      3710.00
      3710.94
      3711.96
      3713.05
      3714.03
      3715.01
      3716.01
      3717.01
      3718.01
      3718.96
      3719.96
      3721.02
      3722.02
      3723.01
      3724.02
      3725.02
      3726.01
      3726.97
      3727.97
      3729.01
      3730.01
      3731.01
      3732.02
      3733.03
      3734.02
      3734.96
      3735.96
      3737.02
      3738.02
      3739.02
      3740.02
      3741.03
      3742.02
      3742.93
      3743.95
      3745.04
      3746.03
      3747.02
      3748.02
      3749.02
      3750.02
      3750.96
      3751.96
      3753.01
      3754.02
      3755.01
      3756.02
      3757.03
      3758.02
      3758.97
      3759.97
      3761.01
      3762.01
      3763.01
      3764.02
      3765.03
      3766.02
      3766.96
      3767.96
      3769.01
      3770.02
      3771.02
      3772.02
      3773.03
      3774.02
      3774.94
      3775.95
      3777.03
      3778.02
      3779.02
      3780.02
      3781.03
      3782.02
      3782.97
      3783.96
      3785.00
      3786.01
      3787.01
      3788.02
      3789.03
      3790.02
      3790.98
      3791.98
      3793.01
      3794.01
      3795.01
      3796.01
      3797.02
      3798.02
      3798.97
      3799.97
      3801.02
      3802.02
      3803.02
      3804.02
      3805.03
      3806.02
      3806.94
      3807.95
      3809.04
      3810.03
      3811.01
      3812.01
      3813.02
      3814.02
      3814.98
      3815.96
      3817.01
      3818.01
      3819.01
      3820.01
      3821.02
      3822.02
      3822.98
      3823.97
      3825.02
      3826.02
      3827.01
      3828.01
      3829.02
      3830.01
      3830.96
      3831.96
      3833.02
      3834.03
      3835.02
      3836.04
      3837.05
      3838.05
      3838.86
      3839.88
      3841.09
      3842.07
      3843.03
      3844.01
      3845.01
      3846.00
      3846.96
      3847.96
      3849.01
      3850.02
      3851.01
      3852.01
      3853.02
      3854.02
      3854.98
      3855.97
      3857.01
      3858.02
      3859.01
      3860.01
      3861.02
      3862.02
      3862.97
      3863.97
      3865.02
      3866.02
      3867.01
      3868.01
      3869.03
      3870.02
      3870.95
      3871.95
      3873.03
      3874.03
      3875.01
      3876.01
      3877.02
      3878.01
      3878.97
      3879.97
      3881.01
      3882.01
      3883.00
      3884.01
      3885.03
      3886.02
      3886.97
      3887.97
      3889.01
      3890.02
      3891.01
      3892.01
      3893.02
      3894.02
      3894.97
      3895.97
      3897.01
      3898.02
      3899.02
      3900.02
      3901.03
      3902.03
      3902.94
      3903.94
      3905.03
      3906.04
      3907.02
      3908.01
      3909.02
      3910.01
      3910.97
      3911.97
      3913.02
      3914.02
      3915.00
      3916.01
      3917.02
      3918.02
      3918.97
      3919.98
      3921.02
      3922.02
      3923.00
      3924.01
      3925.02
      3926.01
      3926.98
      3927.97
      3929.01
      3930.02
      3931.01
      3932.02
      3933.03
      3934.02
      3934.95
      3935.95
      3937.03
      3938.03
      3939.02
      3940.01
      3941.02
      3942.02
      3942.97
      3943.97
      3945.01
      3946.01
      3947.01
      3948.02
      3949.03
      3950.02
      3950.98
      3951.98
      3953.02
      3954.01
      3955.00
      3956.01
      3957.02
      3958.02
      3958.98
      3959.98
      3961.02
      3962.02
      3963.01
      3964.01
      3965.02
      3966.02
      3966.94
      3967.96
      3969.05
      3970.04
      3971.01
      3972.00
      3973.01
      3974.01
      3974.97
      3975.98
      3977.02
      3978.02
      3979.00
      3980.01
      3981.03
      3982.02
      3982.97
      3983.97
      3985.02
      3986.02
      3987.01
      3988.01
      3989.02
      3990.01
      3990.97
      3991.98
      3993.02
      3994.02
      3995.01
      3996.02
      3997.03
      3998.03
      3998.95
      3999.95
      4001.04
      4002.03
      4003.02
      4004.02
      4005.02
      4006.00
      4006.97
      4007.98
      4009.02
      4010.02
      4011.00
      4012.01
      4013.03
      4014.03
      4014.98
      4015.98
      4017.01
      4018.02
      4019.00
      4020.01
      4021.02
      4022.02
      4022.98
      4023.98
      4025.02
      4026.02
      4027.01
      4028.02
      4029.03
      4030.03
      4030.94
      4031.95
      4033.04
      4034.04
      4035.01
      4036.01
      4037.03
      4038.02
      4038.97
      4039.97
      4041.01
      4042.02
      4043.00
      4044.01
      4045.03
      4046.02
      4046.98
      4047.98
      4049.02
      4050.02
      4051.00
      4052.01
      4053.02
      4054.01
      4054.98
      4055.99
      4057.02
      4058.02
      4059.01
      4060.02
      4061.03
      4062.02
      4062.94
      4063.95
      4065.03
      4066.03
      4067.02
      4068.02
      4069.03
      4070.02
      4070.97
      4071.97
      4073.00
      4074.01
      4075.01
      4076.01
      4077.03
      4078.03
      4078.99
      4079.99
      4081.01
      4082.01
      4083.00
      4084.00
      4085.02
      4086.03
      4087.00
      4087.99
      4089.02
      4090.02
      4091.01
      4091.99
      4093.00
      4094.00
      4095.01
