PDS_VERSION_ID         = PDS3
RECORD_TYPE            = STREAM
OBJECT                 = TEXT
  PUBLICATION_DATE     = 2019-04-02
  INTERCHANGE_FORMAT   = ASCII
  NOTE                 = "File contaning bitweight corrrection for NAC, gain 
                         state 1, and temperature -10 degrees Celsius derived 
                         during ground calibration."
END_OBJECT             = TEXT
END

\begindata
      0.00000
      1.00000
      2.00000
      3.00000
      4.00000
      5.00000
      6.00000
      7.00000
      8.00000
      9.00000
      10.0000
      11.0000
      12.0000
      13.0000
      14.0000
      15.0000
      16.0000
      17.0000
      18.0000
      19.0000
      20.0000
      21.0000
      22.0000
      23.0000
      24.0000
      25.0000
      26.0000
      27.0000
      28.0000
      29.0000
      30.0000
      31.0000
      32.0000
      33.0000
      34.0000
      35.0000
      36.0000
      37.0000
      38.0000
      39.0000
      40.0000
      41.0000
      42.0000
      43.0000
      44.0000
      45.0000
      46.0000
      47.0000
      48.0000
      49.0000
      50.0000
      51.0000
      52.0000
      53.0000
      54.0000
      55.0000
      56.0000
      57.0000
      58.0000
      59.0000
      60.0000
      61.0000
      62.0000
      63.0000
      64.0000
      65.0000
      66.0000
      67.0000
      68.0000
      69.0000
      70.0000
      71.0000
      72.0000
      73.0000
      74.0000
      75.0000
      76.0000
      77.0000
      78.0000
      79.0000
      80.0000
      81.0000
      82.0000
      83.0000
      84.0000
      85.0000
      86.0000
      87.0000
      88.0000
      89.0000
      90.0000
      91.0000
      92.0000
      93.0000
      94.0000
      95.0000
      96.0000
      97.0000
      98.0000
      99.0000
      100.000
      101.000
      102.000
      103.000
      104.000
      105.000
      106.000
      107.000
      108.000
      109.000
      110.000
      111.000
      112.000
      113.000
      114.000
      115.000
      116.000
      117.000
      118.000
      119.000
      120.000
      121.000
      122.000
      123.000
      124.000
      125.000
      126.000
      127.000
      128.000
      129.000
      130.000
      131.000
      132.000
      133.000
      134.000
      135.000
      136.000
      137.000
      138.000
      139.000
      140.000
      141.000
      142.000
      143.000
      144.000
      145.000
      146.000
      147.000
      148.000
      149.000
      150.000
      151.000
      152.000
      153.000
      154.000
      155.000
      156.000
      157.000
      158.000
      159.000
      160.000
      161.000
      162.000
      163.000
      164.000
      165.000
      166.000
      167.000
      168.000
      169.000
      170.000
      171.000
      172.000
      173.000
      174.000
      175.000
      176.000
      177.000
      178.000
      179.000
      180.000
      181.000
      182.000
      183.000
      184.000
      185.000
      186.000
      187.000
      188.000
      189.000
      190.000
      191.000
      192.000
      193.000
      194.000
      195.000
      196.000
      197.000
      198.000
      199.000
      200.000
      201.030
      202.040
      203.010
      203.990
      205.010
      206.000
      206.970
      207.970
      209.040
      210.050
      210.990
      211.980
      213.000
      214.000
      214.970
      215.990
      217.040
      218.040
      219.010
      219.990
      220.990
      221.980
      222.960
      223.990
      225.050
      226.060
      227.020
      227.990
      228.970
      229.980
      230.970
      231.990
      233.030
      234.030
      235.030
      236.010
      236.980
      237.970
      238.990
      240.000
      241.020
      242.040
      243.030
      244.000
      244.960
      245.980
      246.980
      247.990
      249.030
      250.040
      251.040
      252.020
      253.010
      253.970
      254.920
      255.970
      257.070
      258.070
      259.000
      259.980
      261.030
      262.010
      262.940
      263.950
      265.030
      266.040
      267.000
      268.000
      269.040
      270.020
      270.960
      271.960
      273.030
      274.040
      274.990
      275.990
      277.020
      278.010
      278.960
      279.970
      281.030
      282.040
      283.010
      283.990
      285.000
      286.000
      286.960
      287.980
      289.050
      290.050
      291.010
      291.990
      293.000
      294.000
      294.970
      295.980
      297.020
      298.030
      299.020
      300.020
      301.010
      301.990
      302.970
      303.980
      305.020
      306.030
      307.010
      308.010
      309.010
      310.000
      310.970
      311.980
      313.020
      314.030
      315.030
      316.020
      317.020
      317.980
      318.950
      319.970
      321.040
      322.050
      323.000
      324.000
      325.040
      326.020
      326.940
      327.950
      329.020
      330.040
      331.010
      332.010
      333.020
      334.000
      334.980
      335.980
      337.010
      338.020
      339.000
      340.010
      341.020
      342.020
      342.970
      343.980
      345.020
      346.020
      347.000
      348.000
      349.030
      350.010
      350.960
      351.970
      353.030
      354.040
      355.010
      356.000
      357.010
      358.000
      358.980
      359.990
      361.020
      362.010
      363.000
      364.010
      365.020
      366.020
      366.990
      367.990
      369.010
      370.010
      371.000
      372.010
      373.020
      374.010
      374.980
      375.980
      377.020
      378.030
      379.020
      380.010
      381.020
      381.990
      382.940
      383.970
      385.050
      386.060
      387.000
      387.990
      389.020
      390.010
      390.960
      391.960
      393.020
      394.030
      395.000
      396.000
      397.020
      398.010
      398.970
      399.970
      401.020
      402.030
      403.010
      404.000
      405.020
      406.010
      406.970
      407.970
      409.010
      410.030
      411.020
      412.020
      413.020
      414.000
      414.960
      415.970
      417.020
      418.030
      419.020
      420.020
      421.010
      422.010
      422.970
      423.970
      425.010
      426.010
      427.030
      428.030
      429.010
      430.000
      430.990
      431.980
      432.990
      434.010
      435.020
      436.030
      437.020
      438.010
      438.980
      439.970
      441.000
      442.020
      443.030
      444.020
      445.020
      446.000
      446.950
      447.970
      449.040
      450.040
      450.990
      452.000
      453.030
      454.020
      454.970
      455.970
      457.010
      458.010
      459.000
      460.010
      461.030
      462.030
      462.990
      463.970
      465.000
      466.010
      467.000
      468.010
      469.020
      470.010
      470.980
      471.980
      473.020
      474.020
      475.010
      476.020
      477.030
      478.010
      478.950
      479.970
      481.030
      482.030
      483.020
      484.010
      485.020
      486.020
      486.990
      487.980
      488.990
      490.000
      491.020
      492.040
      493.040
      494.020
      494.990
      495.970
      496.990
      498.010
      499.010
      500.020
      501.020
      502.020
      503.000
      504.010
      505.030
      506.020
      507.000
      507.990
      508.960
      509.900
      511.080
      512.140
      512.990
      513.990
      514.960
      515.970
      517.030
      518.040
      518.970
      519.970
      521.030
      522.040
      522.990
      523.990
      525.030
      526.030
      526.970
      527.960
      529.010
      530.030
      531.000
      532.000
      533.040
      534.020
      534.960
      535.970
      537.020
      538.030
      539.010
      540.010
      541.030
      542.010
      542.950
      543.970
      545.030
      546.030
      547.010
      548.010
      549.020
      550.020
      550.980
      551.970
      553.000
      554.010
      555.020
      556.020
      557.030
      558.020
      558.990
      559.980
      561.000
      562.010
      563.010
      564.020
      565.020
      566.010
      566.980
      567.970
      569.010
      570.020
      571.020
      572.020
      573.040
      574.010
      574.960
      575.960
      577.010
      578.030
      578.990
      580.010
      581.060
      582.040
      582.960
      583.950
      585.010
      586.030
      587.000
      588.000
      589.030
      590.030
      590.980
      591.970
      593.000
      594.020
      595.010
      596.010
      597.030
      598.020
      598.970
      599.970
      601.010
      602.020
      603.010
      604.020
      605.040
      606.010
      606.950
      607.970
      609.030
      610.030
      611.010
      612.010
      613.020
      614.020
      614.990
      615.980
      617.010
      618.010
      619.010
      620.010
      621.020
      622.010
      623.000
      623.990
      625.000
      626.010
      627.010
      628.010
      629.020
      630.020
      630.970
      631.980
      633.020
      634.030
      635.020
      636.020
      637.020
      638.000
      638.960
      639.980
      641.030
      642.030
      643.000
      644.010
      645.040
      646.020
      646.970
      647.960
      649.010
      650.020
      651.000
      652.010
      653.040
      654.020
      654.980
      655.980
      657.000
      658.010
      659.010
      660.010
      661.030
      662.020
      662.980
      663.970
      665.010
      666.010
      667.010
      668.030
      669.030
      670.020
      670.970
      671.970
      673.010
      674.020
      675.010
      676.010
      677.020
      678.030
      679.000
      679.980
      681.000
      682.000
      683.000
      684.020
      685.020
      686.020
      687.000
      687.990
      689.000
      690.000
      691.020
      692.020
      693.020
      694.020
      694.980
      695.980
      697.000
      698.010
      699.020
      700.030
      701.030
      702.010
      702.970
      703.970
      705.020
      706.020
      707.000
      708.020
      709.040
      710.020
      710.970
      711.970
      713.010
      714.020
      715.010
      716.000
      717.030
      718.030
      718.990
      719.980
      721.010
      722.000
      723.000
      724.020
      725.040
      726.020
      726.980
      727.970
      729.000
      730.010
      731.020
      732.030
      733.040
      734.020
      734.970
      735.960
      737.000
      738.010
      739.020
      740.030
      741.030
      742.020
      742.970
      743.970
      745.000
      746.010
      747.020
      748.030
      749.030
      750.020
      751.000
      751.980
      752.990
      754.010
      755.030
      756.030
      757.010
      758.010
      758.980
      759.990
      761.020
      762.020
      763.020
      764.030
      765.030
      766.010
      766.940
      767.960
      769.050
      770.040
      771.010
      772.010
      773.030
      774.010
      774.960
      775.970
      777.020
      778.020
      779.010
      780.010
      781.030
      782.020
      782.980
      783.970
      785.000
      786.020
      787.010
      788.010
      789.020
      790.030
      790.980
      791.970
      793.010
      794.020
      795.010
      796.010
      797.030
      798.020
      798.970
      799.980
      801.030
      802.030
      803.010
      804.010
      805.020
      806.010
      806.970
      807.980
      809.020
      810.020
      811.020
      812.030
      813.020
      814.010
      814.980
      815.980
      817.010
      818.020
      819.020
      820.020
      821.030
      822.020
      822.980
      823.980
      825.020
      826.020
      827.010
      828.020
      829.030
      830.030
      830.980
      831.960
      833.010
      834.020
      835.030
      836.030
      837.030
      838.010
      838.960
      839.980
      841.010
      842.010
      843.020
      844.030
      845.030
      846.010
      846.990
      847.980
      849.000
      850.020
      851.020
      852.020
      853.020
      854.020
      854.980
      855.980
      857.020
      858.030
      859.010
      860.020
      861.040
      862.020
      862.960
      863.970
      865.020
      866.020
      867.020
      868.020
      869.020
      870.010
      870.980
      871.980
      873.020
      874.020
      875.010
      876.010
      877.030
      878.030
      878.990
      879.980
      881.020
      882.020
      883.000
      884.010
      885.020
      886.020
      886.980
      887.980
      889.020
      890.030
      891.010
      892.010
      893.030
      894.000
      894.950
      895.980
      897.040
      898.040
      899.020
      900.010
      901.030
      902.010
      902.960
      903.960
      905.020
      906.020
      907.020
      908.020
      909.030
      910.020
      910.980
      911.980
      913.010
      914.010
      915.000
      916.020
      917.030
      918.020
      918.970
      919.980
      921.020
      922.020
      923.020
      924.030
      925.030
      926.020
      926.960
      927.970
      929.010
      930.020
      931.020
      932.020
      933.030
      934.020
      934.980
      935.980
      937.010
      938.010
      939.020
      940.030
      941.020
      942.020
      942.990
      943.990
      945.010
      946.010
      947.020
      948.020
      949.020
      950.010
      950.980
      951.990
      953.020
      954.020
      955.030
      956.030
      957.030
      958.010
      958.960
      959.970
      961.020
      962.040
      963.030
      964.020
      965.020
      966.010
      966.970
      967.980
      969.020
      970.020
      971.010
      972.020
      973.030
      974.020
      974.980
      975.980
      977.020
      978.020
      979.020
      980.020
      981.030
      982.010
      982.970
      983.970
      985.010
      986.030
      987.020
      988.030
      989.040
      990.010
      990.960
      991.970
      993.020
      994.030
      995.020
      996.030
      997.030
      998.020
      998.980
      999.970
      1001.01
      1002.02
      1003.03
      1004.02
      1005.02
      1006.02
      1006.99
      1007.99
      1009.02
      1010.01
      1010.99
      1012.00
      1013.03
      1014.03
      1015.00
      1016.01
      1017.04
      1018.04
      1019.02
      1019.99
      1020.94
      1021.89
      1023.09
      1024.16
      1025.00
      1025.99
      1026.97
      1027.99
      1029.02
      1030.03
      1030.97
      1031.97
      1033.03
      1034.03
      1035.01
      1036.02
      1037.03
      1038.01
      1038.98
      1039.98
      1041.01
      1042.01
      1043.01
      1044.02
      1045.02
      1046.01
      1046.97
      1047.98
      1049.03
      1050.03
      1051.02
      1052.02
      1053.03
      1054.01
      1054.95
      1055.97
      1057.04
      1058.03
      1059.02
      1060.02
      1061.02
      1062.02
      1062.97
      1063.97
      1065.02
      1066.02
      1067.02
      1068.02
      1069.03
      1070.02
      1070.99
      1071.98
      1073.00
      1074.01
      1075.02
      1076.03
      1077.02
      1078.02
      1078.98
      1079.97
      1081.01
      1082.02
      1083.03
      1084.03
      1085.03
      1086.02
      1086.97
      1087.96
      1089.01
      1090.02
      1091.03
      1092.03
      1093.04
      1094.02
      1094.96
      1095.96
      1097.01
      1098.02
      1099.03
      1100.04
      1101.03
      1102.00
      1102.97
      1103.98
      1105.01
      1106.02
      1107.03
      1108.03
      1109.02
      1110.02
      1110.98
      1111.97
      1113.01
      1114.01
      1115.03
      1116.04
      1117.03
      1118.01
      1118.95
      1119.97
      1121.04
      1122.03
      1123.02
      1124.02
      1125.02
      1126.01
      1126.97
      1127.98
      1129.02
      1130.02
      1131.03
      1132.02
      1133.02
      1134.01
      1134.99
      1135.99
      1137.01
      1138.02
      1139.02
      1140.02
      1141.02
      1142.02
      1142.98
      1143.99
      1145.03
      1146.03
      1147.01
      1148.01
      1149.01
      1150.00
      1150.97
      1152.00
      1153.04
      1154.03
      1155.01
      1156.01
      1157.03
      1158.02
      1158.97
      1159.97
      1161.02
      1162.03
      1163.03
      1164.02
      1165.02
      1166.02
      1166.99
      1167.99
      1169.01
      1170.02
      1171.01
      1172.02
      1173.03
      1174.03
      1174.98
      1175.97
      1177.02
      1178.02
      1179.02
      1180.04
      1181.04
      1182.01
      1182.94
      1183.96
      1185.04
      1186.04
      1187.02
      1188.03
      1189.03
      1190.02
      1190.97
      1191.97
      1193.01
      1194.01
      1195.02
      1196.03
      1197.03
      1198.02
      1198.99
      1199.97
      1201.00
      1202.02
      1203.03
      1204.03
      1205.03
      1206.02
      1206.97
      1207.96
      1209.02
      1210.04
      1211.04
      1212.03
      1213.02
      1214.01
      1214.96
      1215.97
      1217.02
      1218.03
      1219.04
      1220.03
      1221.03
      1222.02
      1222.97
      1223.97
      1225.01
      1226.01
      1227.02
      1228.03
      1229.03
      1230.02
      1231.00
      1231.99
      1233.00
      1234.01
      1235.02
      1236.03
      1237.02
      1238.02
      1238.97
      1239.98
      1241.03
      1242.02
      1243.02
      1244.03
      1245.03
      1246.02
      1246.96
      1247.96
      1249.03
      1250.03
      1251.03
      1252.03
      1253.02
      1254.00
      1254.98
      1255.99
      1257.02
      1258.01
      1259.01
      1260.02
      1261.02
      1262.03
      1263.00
      1263.99
      1265.00
      1266.02
      1267.02
      1268.02
      1269.02
      1270.01
      1270.98
      1271.98
      1273.02
      1274.03
      1275.04
      1276.05
      1277.05
      1278.04
      1278.89
      1279.91
      1281.07
      1282.05
      1283.05
      1284.05
      1285.02
      1285.99
      1286.95
      1287.97
      1289.01
      1290.02
      1291.04
      1292.04
      1293.01
      1294.00
      1295.00
      1296.00
      1297.00
      1297.99
      1299.01
      1300.03
      1301.03
      1302.03
      1302.98
      1303.97
      1305.01
      1306.01
      1307.03
      1308.04
      1309.02
      1310.01
      1310.96
      1311.97
      1313.03
      1314.04
      1315.03
      1316.02
      1317.01
      1318.01
      1318.97
      1319.98
      1321.02
      1322.03
      1323.02
      1324.02
      1325.02
      1326.02
      1326.99
      1327.99
      1329.00
      1330.01
      1331.02
      1332.03
      1333.03
      1334.02
      1334.98
      1335.98
      1337.02
      1338.02
      1339.02
      1340.03
      1341.03
      1342.02
      1342.96
      1343.97
      1345.03
      1346.03
      1347.04
      1348.04
      1349.02
      1350.00
      1350.97
      1351.98
      1353.02
      1354.02
      1355.02
      1356.03
      1357.02
      1358.01
      1359.00
      1359.99
      1360.99
      1362.00
      1363.03
      1364.04
      1365.03
      1366.02
      1366.97
      1367.97
      1369.01
      1370.02
      1371.04
      1372.05
      1373.03
      1374.01
      1374.95
      1375.96
      1377.03
      1378.03
      1379.04
      1380.04
      1381.03
      1382.02
      1382.97
      1383.96
      1385.01
      1386.02
      1387.03
      1388.03
      1389.04
      1390.03
      1390.99
      1391.98
      1393.00
      1394.01
      1395.02
      1396.03
      1397.03
      1398.02
      1398.98
      1399.98
      1401.03
      1402.03
      1403.03
      1404.02
      1405.02
      1405.99
      1406.97
      1408.00
      1409.03
      1410.03
      1411.03
      1412.03
      1413.01
      1414.01
      1414.97
      1415.98
      1417.01
      1418.01
      1419.03
      1420.04
      1421.03
      1422.00
      1422.99
      1423.98
      1424.99
      1426.02
      1427.04
      1428.04
      1429.02
      1430.01
      1430.97
      1431.97
      1433.01
      1434.02
      1435.03
      1436.04
      1437.04
      1438.03
      1438.96
      1439.96
      1441.02
      1442.03
      1443.03
      1444.03
      1445.01
      1446.02
      1446.97
      1447.98
      1449.03
      1450.03
      1451.03
      1452.03
      1453.03
      1454.01
      1454.98
      1455.98
      1457.01
      1458.03
      1459.03
      1460.03
      1461.03
      1462.01
      1462.96
      1463.98
      1465.03
      1466.03
      1467.02
      1468.03
      1469.03
      1470.02
      1470.96
      1471.97
      1473.02
      1474.02
      1475.04
      1476.04
      1477.02
      1478.01
      1478.97
      1479.98
      1481.02
      1482.02
      1483.02
      1484.03
      1485.03
      1486.02
      1486.99
      1487.99
      1489.00
      1490.01
      1491.02
      1492.03
      1493.02
      1494.02
      1494.99
      1495.97
      1497.01
      1498.02
      1499.03
      1500.04
      1501.03
      1502.01
      1502.95
      1503.96
      1505.03
      1506.03
      1507.03
      1508.03
      1509.03
      1510.01
      1510.96
      1511.98
      1513.03
      1514.02
      1515.02
      1516.03
      1517.03
      1518.02
      1518.99
      1519.98
      1521.01
      1522.02
      1523.01
      1524.02
      1525.02
      1526.02
      1526.99
      1528.01
      1529.06
      1530.05
      1531.02
      1531.99
      1532.94
      1533.89
      1535.10
      1536.17
      1536.99
      1537.98
      1538.98
      1540.00
      1541.01
      1542.02
      1542.98
      1543.99
      1545.03
      1546.02
      1547.03
      1548.03
      1549.02
      1550.01
      1550.99
      1551.98
      1552.99
      1554.01
      1555.04
      1556.04
      1557.02
      1558.01
      1558.97
      1559.97
      1561.01
      1562.01
      1563.04
      1564.05
      1565.03
      1566.01
      1566.95
      1567.96
      1569.02
      1570.02
      1571.04
      1572.05
      1573.03
      1574.01
      1574.96
      1575.97
      1577.02
      1578.03
      1579.03
      1580.03
      1581.03
      1582.01
      1582.98
      1583.98
      1585.01
      1586.01
      1587.02
      1588.04
      1589.04
      1590.01
      1590.95
      1591.97
      1593.03
      1594.03
      1595.03
      1596.04
      1597.03
      1598.01
      1598.96
      1599.97
      1601.02
      1602.02
      1603.04
      1604.05
      1605.03
      1606.01
      1606.97
      1607.97
      1609.01
      1610.01
      1611.03
      1612.04
      1613.03
      1614.02
      1614.99
      1615.98
      1617.00
      1618.01
      1619.03
      1620.04
      1621.02
      1622.02
      1622.97
      1623.98
      1625.02
      1626.03
      1627.04
      1628.04
      1629.02
      1630.01
      1630.95
      1631.96
      1633.03
      1634.04
      1635.05
      1636.04
      1637.02
      1638.01
      1638.97
      1639.97
      1641.02
      1642.03
      1643.03
      1644.03
      1645.02
      1646.02
      1647.00
      1647.98
      1649.00
      1650.02
      1651.02
      1652.03
      1653.02
      1654.02
      1654.98
      1655.98
      1657.03
      1658.04
      1659.04
      1660.03
      1661.01
      1661.99
      1662.97
      1663.99
      1665.03
      1666.03
      1667.03
      1668.03
      1669.02
      1670.01
      1670.97
      1671.97
      1673.02
      1674.03
      1675.03
      1676.03
      1677.01
      1677.99
      1678.99
      1680.00
      1681.01
      1682.01
      1683.03
      1684.04
      1685.03
      1686.01
      1686.97
      1687.97
      1689.01
      1690.02
      1691.04
      1692.05
      1693.03
      1694.02
      1694.96
      1695.97
      1697.02
      1698.01
      1699.03
      1700.04
      1701.04
      1702.03
      1702.98
      1703.97
      1705.01
      1706.02
      1707.02
      1708.03
      1709.03
      1710.03
      1711.00
      1711.99
      1713.00
      1714.01
      1715.02
      1716.03
      1717.03
      1718.02
      1718.98
      1719.98
      1721.03
      1722.03
      1723.03
      1724.03
      1725.02
      1726.01
      1726.97
      1727.98
      1729.02
      1730.02
      1731.04
      1732.04
      1733.03
      1734.01
      1734.97
      1735.97
      1737.01
      1738.02
      1739.03
      1740.04
      1741.03
      1742.02
      1743.00
      1743.99
      1744.99
      1746.01
      1747.03
      1748.03
      1749.02
      1750.02
      1750.98
      1751.98
      1753.03
      1754.02
      1755.03
      1756.03
      1757.03
      1758.01
      1758.95
      1759.97
      1761.03
      1762.04
      1763.04
      1764.03
      1765.02
      1766.02
      1766.97
      1767.98
      1769.03
      1770.04
      1771.02
      1772.02
      1773.02
      1774.01
      1774.99
      1776.00
      1777.03
      1778.03
      1779.02
      1780.03
      1781.02
      1782.01
      1782.96
      1783.97
      1785.04
      1786.05
      1787.04
      1788.05
      1789.04
      1790.02
      1790.89
      1791.92
      1793.08
      1794.06
      1795.05
      1796.04
      1797.02
      1798.01
      1798.96
      1799.96
      1801.02
      1802.02
      1803.03
      1804.04
      1805.02
      1806.01
      1807.00
      1808.00
      1809.00
      1809.99
      1811.02
      1812.04
      1813.03
      1814.02
      1814.97
      1815.97
      1817.01
      1818.02
      1819.04
      1820.05
      1821.03
      1822.01
      1822.95
      1823.97
      1825.02
      1826.02
      1827.03
      1828.05
      1829.04
      1830.03
      1830.97
      1831.96
      1833.01
      1834.01
      1835.03
      1836.03
      1837.03
      1838.02
      1839.00
      1840.00
      1841.00
      1842.01
      1843.02
      1844.03
      1845.03
      1846.02
      1846.98
      1847.98
      1849.02
      1850.03
      1851.03
      1852.04
      1853.04
      1854.02
      1854.95
      1855.95
      1857.02
      1858.03
      1859.05
      1860.04
      1861.03
      1862.02
      1862.97
      1863.96
      1865.01
      1866.02
      1867.04
      1868.03
      1869.02
      1870.01
      1871.00
      1871.99
      1873.00
      1874.01
      1875.03
      1876.04
      1877.02
      1878.02
      1878.97
      1879.98
      1881.03
      1882.03
      1883.03
      1884.03
      1885.03
      1886.02
      1886.96
      1887.97
      1889.03
      1890.03
      1891.03
      1892.04
      1893.04
      1894.03
      1894.97
      1895.96
      1897.01
      1898.02
      1899.03
      1900.03
      1901.02
      1902.02
      1903.01
      1904.00
      1905.00
      1906.01
      1907.03
      1908.03
      1909.03
      1910.03
      1910.96
      1911.97
      1913.03
      1914.04
      1915.04
      1916.04
      1917.02
      1918.00
      1918.96
      1919.98
      1921.04
      1922.04
      1923.04
      1924.03
      1925.02
      1926.01
      1926.96
      1927.98
      1929.03
      1930.02
      1931.03
      1932.04
      1933.01
      1933.99
      1935.00
      1936.00
      1937.00
      1938.01
      1939.04
      1940.05
      1941.02
      1942.01
      1942.97
      1943.98
      1945.02
      1946.02
      1947.04
      1948.05
      1949.03
      1950.01
      1950.96
      1951.97
      1953.02
      1954.02
      1955.04
      1956.04
      1957.03
      1958.02
      1958.97
      1959.97
      1961.02
      1962.03
      1963.03
      1964.03
      1965.02
      1966.00
      1967.00
      1968.00
      1969.01
      1970.02
      1971.03
      1972.02
      1973.02
      1974.03
      1974.98
      1975.98
      1977.03
      1978.03
      1979.03
      1980.03
      1981.02
      1982.01
      1982.97
      1983.98
      1985.03
      1986.02
      1987.03
      1988.03
      1989.03
      1990.02
      1990.98
      1991.97
      1993.02
      1994.02
      1995.03
      1996.04
      1997.02
      1998.00
      1998.99
      1999.99
      2001.00
      2002.01
      2003.04
      2004.05
      2005.03
      2006.02
      2006.97
      2007.97
      2009.01
      2010.03
      2011.04
      2012.04
      2013.03
      2014.02
      2014.97
      2015.97
      2017.02
      2018.02
      2019.03
      2020.04
      2021.04
      2022.03
      2022.97
      2023.96
      2025.02
      2026.03
      2027.03
      2028.03
      2029.02
      2030.02
      2031.01
      2031.99
      2032.99
      2034.01
      2035.02
      2036.04
      2037.03
      2038.02
      2038.97
      2039.97
      2041.03
      2042.05
      2043.05
      2044.05
      2045.02
      2045.98
      2046.91
      2047.98
      2049.09
      2050.05
      2051.03
      2052.03
      2053.02
      2054.01
      2054.96
      2055.97
      2057.02
      2058.03
      2059.03
      2060.03
      2061.02
      2062.02
      2063.00
      2063.99
      2065.01
      2066.01
      2067.02
      2068.03
      2069.03
      2070.02
      2070.98
      2071.98
      2073.02
      2074.03
      2075.04
      2076.05
      2077.03
      2078.01
      2078.95
      2079.96
      2081.03
      2082.03
      2083.05
      2084.04
      2085.02
      2086.02
      2086.97
      2087.97
      2089.01
      2090.02
      2091.04
      2092.04
      2093.02
      2094.01
      2095.00
      2096.00
      2097.01
      2098.01
      2099.02
      2100.03
      2101.02
      2102.03
      2102.98
      2103.98
      2105.02
      2106.02
      2107.03
      2108.04
      2109.03
      2110.02
      2110.97
      2111.97
      2113.03
      2114.02
      2115.03
      2116.03
      2117.02
      2118.02
      2118.99
      2119.98
      2121.02
      2122.02
      2123.03
      2124.04
      2125.02
      2126.01
      2126.99
      2127.99
      2129.01
      2130.02
      2131.04
      2132.04
      2133.02
      2134.02
      2134.98
      2135.97
      2137.02
      2138.03
      2139.04
      2140.04
      2141.03
      2142.02
      2142.96
      2143.97
      2145.03
      2146.03
      2147.03
      2148.04
      2149.02
      2150.02
      2150.97
      2151.97
      2153.03
      2154.04
      2155.03
      2156.03
      2157.01
      2158.01
      2159.00
      2159.99
      2161.00
      2162.02
      2163.04
      2164.04
      2165.03
      2166.03
      2166.98
      2167.97
      2169.02
      2170.04
      2171.04
      2172.04
      2173.02
      2174.00
      2174.96
      2175.99
      2177.04
      2178.04
      2179.04
      2180.04
      2181.02
      2182.01
      2182.96
      2183.97
      2185.03
      2186.03
      2187.04
      2188.04
      2189.02
      2190.01
      2190.99
      2191.99
      2193.01
      2194.02
      2195.04
      2196.04
      2197.02
      2198.02
      2198.98
      2199.97
      2201.02
      2202.03
      2203.04
      2204.05
      2205.04
      2206.02
      2206.95
      2207.96
      2209.04
      2210.04
      2211.04
      2212.04
      2213.03
      2214.02
      2214.97
      2215.97
      2217.02
      2218.02
      2219.04
      2220.04
      2221.03
      2222.02
      2223.00
      2223.99
      2225.00
      2226.01
      2227.03
      2228.04
      2229.04
      2230.03
      2230.97
      2231.97
      2233.03
      2234.03
      2235.03
      2236.03
      2237.03
      2238.02
      2238.96
      2239.98
      2241.04
      2242.03
      2243.04
      2244.03
      2245.02
      2246.02
      2246.98
      2247.98
      2249.02
      2250.02
      2251.03
      2252.04
      2253.03
      2254.02
      2254.99
      2255.98
      2257.00
      2258.02
      2259.04
      2260.04
      2261.03
      2262.03
      2262.99
      2263.98
      2265.01
      2266.02
      2267.04
      2268.04
      2269.03
      2270.03
      2270.97
      2271.98
      2273.04
      2274.03
      2275.03
      2276.02
      2277.03
      2278.03
      2278.98
      2279.98
      2281.03
      2282.02
      2283.03
      2284.04
      2285.02
      2286.01
      2287.00
      2288.00
      2289.01
      2290.02
      2291.03
      2292.03
      2293.03
      2294.02
      2294.97
      2295.98
      2297.03
      2298.04
      2299.04
      2300.04
      2301.04
      2302.04
      2302.92
      2303.94
      2305.07
      2306.05
      2307.04
      2308.03
      2309.02
      2310.02
      2310.97
      2311.97
      2313.02
      2314.03
      2315.04
      2316.04
      2317.03
      2318.01
      2319.00
      2319.99
      2321.00
      2322.00
      2323.03
      2324.04
      2325.04
      2326.03
      2326.98
      2327.97
      2329.02
      2330.02
      2331.04
      2332.04
      2333.03
      2334.02
      2334.96
      2335.97
      2337.03
      2338.03
      2339.04
      2340.04
      2341.03
      2342.03
      2342.98
      2343.97
      2345.02
      2346.02
      2347.03
      2348.03
      2349.02
      2350.02
      2351.01
      2352.00
      2353.01
      2354.01
      2355.02
      2356.03
      2357.03
      2358.03
      2358.98
      2359.98
      2361.03
      2362.03
      2363.04
      2364.05
      2365.04
      2366.02
      2366.95
      2367.96
      2369.04
      2370.03
      2371.05
      2372.05
      2373.03
      2374.02
      2374.97
      2375.97
      2377.01
      2378.03
      2379.04
      2380.05
      2381.03
      2382.01
      2382.99
      2383.99
      2385.00
      2386.01
      2387.04
      2388.05
      2389.04
      2390.03
      2390.98
      2391.98
      2393.01
      2394.02
      2395.05
      2396.05
      2397.02
      2398.02
      2398.97
      2399.97
      2401.03
      2402.03
      2403.05
      2404.05
      2405.02
      2406.01
      2406.97
      2407.97
      2409.02
      2410.02
      2411.04
      2412.04
      2413.03
      2414.02
      2415.00
      2415.99
      2417.00
      2418.01
      2419.03
      2420.05
      2421.04
      2422.03
      2422.97
      2423.97
      2425.03
      2426.04
      2427.04
      2428.04
      2429.02
      2430.00
      2430.96
      2431.98
      2433.03
      2434.03
      2435.05
      2436.05
      2437.03
      2438.02
      2438.97
      2439.96
      2441.02
      2442.02
      2443.04
      2444.04
      2445.03
      2446.02
      2447.00
      2448.00
      2449.01
      2450.01
      2451.03
      2452.03
      2453.03
      2454.02
      2454.97
      2455.98
      2457.03
      2458.03
      2459.04
      2460.04
      2461.03
      2462.02
      2462.95
      2463.97
      2465.04
      2466.03
      2467.04
      2468.04
      2469.03
      2470.03
      2470.98
      2471.98
      2473.02
      2474.02
      2475.04
      2476.03
      2477.02
      2478.02
      2479.00
      2479.99
      2481.00
      2482.02
      2483.04
      2484.05
      2485.03
      2486.01
      2486.97
      2487.98
      2489.03
      2490.03
      2491.05
      2492.05
      2493.04
      2494.02
      2494.95
      2495.96
      2497.03
      2498.04
      2499.05
      2500.04
      2501.03
      2502.03
      2502.97
      2503.97
      2505.02
      2506.02
      2507.04
      2508.04
      2509.03
      2510.01
      2511.00
      2512.00
      2513.01
      2514.01
      2515.04
      2516.04
      2517.03
      2518.02
      2518.97
      2519.98
      2521.02
      2522.03
      2523.05
      2524.05
      2525.03
      2526.02
      2526.96
      2527.96
      2529.03
      2530.03
      2531.05
      2532.05
      2533.03
      2534.02
      2534.98
      2535.97
      2537.02
      2538.03
      2539.03
      2540.03
      2541.02
      2542.02
      2543.01
      2544.00
      2545.00
      2546.01
      2547.02
      2548.03
      2549.02
      2550.03
      2550.99
      2552.00
      2553.05
      2554.04
      2555.04
      2556.02
      2556.97
      2557.92
      2559.05
      2560.11
      2561.01
      2562.00
      2563.02
      2564.02
      2565.02
      2566.03
      2566.98
      2567.98
      2569.03
      2570.03
      2571.04
      2572.04
      2573.02
      2574.02
      2574.99
      2575.98
      2577.01
      2578.02
      2579.04
      2580.05
      2581.03
      2582.02
      2582.97
      2583.97
      2585.02
      2586.02
      2587.04
      2588.05
      2589.05
      2590.03
      2590.96
      2591.96
      2593.02
      2594.03
      2595.04
      2596.05
      2597.03
      2598.02
      2598.97
      2599.98
      2601.03
      2602.03
      2603.03
      2604.03
      2605.02
      2606.02
      2607.00
      2608.00
      2609.00
      2610.02
      2611.04
      2612.04
      2613.04
      2614.03
      2614.97
      2615.97
      2617.02
      2618.03
      2619.05
      2620.05
      2621.04
      2622.02
      2622.96
      2623.97
      2625.03
      2626.03
      2627.04
      2628.04
      2629.03
      2630.03
      2630.98
      2631.98
      2633.02
      2634.03
      2635.03
      2636.03
      2637.01
      2638.03
      2639.01
      2640.00
      2641.01
      2642.02
      2643.03
      2644.02
      2645.02
      2646.03
      2646.99
      2647.99
      2649.02
      2650.03
      2651.04
      2652.03
      2653.02
      2654.02
      2654.97
      2655.98
      2657.03
      2658.03
      2659.04
      2660.05
      2661.03
      2662.02
      2662.98
      2663.98
      2665.02
      2666.02
      2667.03
      2668.04
      2669.03
      2670.02
      2671.01
      2672.00
      2673.01
      2674.02
      2675.03
      2676.03
      2677.02
      2678.02
      2678.99
      2679.99
      2681.03
      2682.03
      2683.04
      2684.03
      2685.02
      2686.02
      2686.97
      2687.98
      2689.04
      2690.03
      2691.03
      2692.03
      2693.03
      2694.03
      2694.98
      2695.97
      2697.02
      2698.02
      2699.04
      2700.04
      2701.02
      2702.02
      2703.01
      2704.00
      2705.00
      2706.01
      2707.04
      2708.04
      2709.03
      2710.03
      2710.98
      2711.97
      2713.02
      2714.03
      2715.05
      2716.04
      2717.03
      2718.03
      2718.97
      2719.97
      2721.02
      2722.02
      2723.04
      2724.04
      2725.04
      2726.03
      2726.98
      2727.97
      2729.02
      2730.03
      2731.04
      2732.03
      2733.03
      2734.02
      2735.00
      2736.00
      2737.00
      2738.02
      2739.04
      2740.04
      2741.04
      2742.04
      2742.98
      2743.98
      2745.02
      2746.02
      2747.04
      2748.04
      2749.04
      2750.03
      2750.98
      2751.98
      2753.02
      2754.02
      2755.03
      2756.04
      2757.04
      2758.04
      2758.98
      2759.98
      2761.02
      2762.03
      2763.04
      2764.03
      2765.02
      2766.03
      2767.01
      2768.00
      2769.01
      2770.01
      2771.03
      2772.03
      2773.03
      2774.03
      2774.99
      2775.99
      2777.02
      2778.02
      2779.04
      2780.04
      2781.03
      2782.03
      2782.97
      2783.97
      2785.03
      2786.03
      2787.04
      2788.04
      2789.03
      2790.03
      2790.99
      2791.99
      2793.03
      2794.02
      2795.02
      2796.03
      2797.02
      2798.02
      2799.01
      2800.01
      2801.02
      2802.02
      2803.03
      2804.03
      2805.02
      2806.02
      2806.98
      2807.99
      2809.03
      2810.03
      2811.05
      2812.06
      2813.05
      2814.04
      2814.90
      2815.92
      2817.06
      2818.05
      2819.06
      2820.05
      2821.03
      2822.01
      2822.97
      2823.97
      2825.02
      2826.02
      2827.04
      2828.05
      2829.03
      2830.01
      2830.99
      2831.99
      2833.01
      2834.01
      2835.04
      2836.04
      2837.03
      2838.02
      2838.98
      2839.98
      2841.02
      2842.03
      2843.03
      2844.04
      2845.04
      2846.02
      2846.96
      2847.97
      2849.04
      2850.04
      2851.03
      2852.03
      2853.03
      2854.03
      2854.99
      2855.98
      2857.01
      2858.02
      2859.03
      2860.04
      2861.04
      2862.02
      2863.00
      2863.99
      2865.00
      2866.01
      2867.03
      2868.04
      2869.03
      2870.03
      2870.98
      2871.98
      2873.02
      2874.02
      2875.04
      2876.05
      2877.04
      2878.02
      2878.97
      2879.97
      2881.02
      2882.03
      2883.05
      2884.04
      2885.03
      2886.02
      2886.99
      2887.99
      2889.02
      2890.02
      2891.04
      2892.04
      2893.03
      2894.02
      2895.00
      2896.00
      2897.00
      2898.01
      2899.04
      2900.05
      2901.03
      2902.03
      2902.98
      2903.98
      2905.02
      2906.02
      2907.04
      2908.04
      2909.03
      2910.03
      2910.97
      2911.98
      2913.04
      2914.03
      2915.03
      2916.04
      2917.03
      2918.02
      2918.98
      2919.99
      2921.02
      2922.02
      2923.03
      2924.05
      2925.03
      2926.01
      2927.00
      2928.00
      2929.01
      2930.02
      2931.04
      2932.04
      2933.03
      2934.02
      2934.98
      2935.99
      2937.03
      2938.02
      2939.04
      2940.05
      2941.03
      2942.01
      2942.97
      2943.99
      2945.04
      2946.03
      2947.04
      2948.04
      2949.03
      2950.02
      2950.99
      2951.99
      2953.02
      2954.02
      2955.04
      2956.04
      2957.03
      2958.03
      2959.01
      2959.99
      2961.00
      2962.01
      2963.04
      2964.05
      2965.03
      2966.03
      2966.98
      2967.97
      2969.02
      2970.03
      2971.05
      2972.05
      2973.04
      2974.02
      2974.96
      2975.97
      2977.03
      2978.03
      2979.04
      2980.05
      2981.04
      2982.03
      2982.97
      2983.98
      2985.03
      2986.02
      2987.03
      2988.04
      2989.02
      2990.02
      2991.01
      2992.01
      2993.02
      2994.01
      2995.03
      2996.03
      2997.03
      2998.03
      2998.99
      2999.99
      3001.03
      3002.03
      3003.03
      3004.05
      3005.04
      3006.03
      3006.97
      3007.97
      3009.04
      3010.03
      3011.04
      3012.05
      3013.03
      3014.02
      3014.98
      3015.98
      3017.02
      3018.03
      3019.04
      3020.04
      3021.02
      3022.01
      3023.00
      3024.01
      3025.01
      3026.02
      3027.03
      3028.04
      3029.03
      3030.02
      3030.98
      3032.00
      3033.04
      3034.03
      3035.03
      3036.03
      3037.03
      3038.04
      3038.97
      3039.97
      3041.04
      3042.04
      3043.04
      3044.04
      3045.02
      3046.01
      3046.98
      3047.99
      3049.02
      3050.02
      3051.04
      3052.07
      3053.06
      3054.05
      3055.03
      3055.99
      3056.97
      3057.95
      3058.95
      3059.98
      3061.02
      3062.10
      3063.15
      3064.20
      3065.24
      3066.16
      3067.02
      3067.83
      3068.59
      3069.34
      3071.46
      3073.26
      3073.40
      3073.62
      3074.15
      3075.23
      3076.57
      3077.83
      3078.96
      3080.02
      3081.06
      3082.01
      3082.97
      3083.92
      3084.85
      3085.80
      3086.80
      3087.84
      3088.89
      3089.92
      3090.96
      3091.97
      3092.94
      3093.91
      3094.86
      3095.86
      3096.90
      3097.91
      3098.94
      3099.95
      3100.92
      3101.90
      3102.84
      3103.85
      3104.92
      3105.93
      3106.94
      3107.93
      3108.91
      3109.90
      3110.86
      3111.87
      3112.92
      3113.92
      3114.93
      3115.92
      3116.90
      3117.90
      3118.89
      3119.88
      3120.89
      3121.90
      3122.93
      3123.94
      3124.92
      3125.91
      3126.86
      3127.86
      3128.90
      3129.91
      3130.94
      3131.94
      3132.92
      3133.91
      3134.86
      3135.85
      3136.91
      3137.92
      3138.93
      3139.93
      3140.91
      3141.91
      3142.88
      3143.87
      3144.90
      3145.91
      3146.93
      3147.93
      3148.92
      3149.91
      3150.88
      3151.88
      3152.90
      3153.90
      3154.93
      3155.94
      3156.91
      3157.90
      3158.86
      3159.87
      3160.91
      3161.92
      3162.93
      3163.93
      3164.91
      3165.90
      3166.84
      3167.86
      3168.93
      3169.93
      3170.93
      3171.92
      3172.91
      3173.90
      3174.87
      3175.87
      3176.91
      3177.91
      3178.93
      3179.92
      3180.90
      3181.90
      3182.89
      3183.89
      3184.90
      3185.90
      3186.92
      3187.91
      3188.91
      3189.92
      3190.87
      3191.87
      3192.92
      3193.92
      3194.93
      3195.92
      3196.90
      3197.88
      3198.88
      3199.90
      3200.92
      3201.91
      3202.92
      3203.93
      3204.91
      3205.90
      3206.87
      3207.87
      3208.92
      3209.92
      3210.93
      3211.93
      3212.90
      3213.89
      3214.88
      3215.88
      3216.90
      3217.91
      3218.93
      3219.94
      3220.91
      3221.91
      3222.86
      3223.86
      3224.91
      3225.91
      3226.92
      3227.94
      3228.93
      3229.93
      3230.84
      3231.84
      3232.92
      3233.92
      3234.93
      3235.93
      3236.92
      3237.91
      3238.86
      3239.87
      3240.91
      3241.91
      3242.93
      3243.93
      3244.90
      3245.89
      3246.89
      3247.89
      3248.90
      3249.91
      3250.93
      3251.94
      3252.91
      3253.90
      3254.86
      3255.87
      3256.91
      3257.92
      3258.94
      3259.94
      3260.91
      3261.90
      3262.85
      3263.85
      3264.91
      3265.92
      3266.94
      3267.94
      3268.93
      3269.92
      3270.86
      3271.85
      3272.88
      3273.90
      3274.94
      3275.94
      3276.92
      3277.91
      3278.89
      3279.88
      3280.89
      3281.90
      3282.92
      3283.93
      3284.91
      3285.91
      3286.88
      3287.88
      3288.91
      3289.91
      3290.93
      3291.93
      3292.92
      3293.92
      3294.84
      3295.84
      3296.92
      3297.92
      3298.94
      3299.94
      3300.91
      3301.90
      3302.87
      3303.87
      3304.90
      3305.90
      3306.92
      3307.94
      3308.93
      3309.92
      3310.88
      3311.87
      3312.89
      3313.90
      3314.93
      3315.94
      3316.92
      3317.91
      3318.87
      3319.86
      3320.90
      3321.91
      3322.93
      3323.95
      3324.95
      3325.94
      3326.78
      3327.79
      3328.97
      3329.95
      3330.94
      3331.93
      3332.91
      3333.90
      3334.86
      3335.86
      3336.91
      3337.92
      3338.93
      3339.93
      3340.91
      3341.90
      3342.88
      3343.88
      3344.90
      3345.91
      3346.93
      3347.93
      3348.92
      3349.91
      3350.86
      3351.86
      3352.90
      3353.92
      3354.94
      3355.94
      3356.92
      3357.91
      3358.84
      3359.85
      3360.93
      3361.93
      3362.93
      3363.92
      3364.92
      3365.91
      3366.86
      3367.87
      3368.91
      3369.91
      3370.93
      3371.93
      3372.90
      3373.90
      3374.90
      3375.89
      3376.89
      3377.90
      3378.92
      3379.93
      3380.93
      3381.92
      3382.86
      3383.86
      3384.91
      3385.91
      3386.93
      3387.95
      3388.93
      3389.91
      3390.83
      3391.84
      3392.92
      3393.93
      3394.94
      3395.94
      3396.92
      3397.91
      3398.86
      3399.86
      3400.90
      3401.91
      3402.93
      3403.93
      3404.91
      3405.90
      3406.89
      3407.88
      3408.90
      3409.91
      3410.92
      3411.93
      3412.92
      3413.90
      3414.87
      3415.87
      3416.91
      3417.92
      3418.93
      3419.94
      3420.93
      3421.91
      3422.84
      3423.85
      3424.93
      3425.92
      3426.92
      3427.92
      3428.92
      3429.91
      3430.88
      3431.87
      3432.90
      3433.91
      3434.92
      3435.92
      3436.91
      3437.91
      3438.89
      3439.89
      3440.91
      3441.91
      3442.92
      3443.92
      3444.91
      3445.91
      3446.88
      3447.88
      3448.92
      3449.93
      3450.93
      3451.92
      3452.90
      3453.89
      3454.88
      3455.90
      3456.92
      3457.91
      3458.92
      3459.92
      3460.91
      3461.90
      3462.87
      3463.88
      3464.92
      3465.92
      3466.92
      3467.92
      3468.91
      3469.90
      3470.89
      3471.89
      3472.89
      3473.91
      3474.93
      3475.93
      3476.92
      3477.91
      3478.86
      3479.87
      3480.92
      3481.93
      3482.93
      3483.92
      3484.92
      3485.91
      3486.84
      3487.86
      3488.94
      3489.94
      3490.93
      3491.93
      3492.91
      3493.90
      3494.86
      3495.86
      3496.92
      3497.92
      3498.92
      3499.92
      3500.92
      3501.91
      3502.89
      3503.89
      3504.90
      3505.92
      3506.92
      3507.92
      3508.91
      3509.92
      3510.86
      3511.86
      3512.93
      3513.93
      3514.93
      3515.93
      3516.92
      3517.91
      3518.84
      3519.85
      3520.93
      3521.93
      3522.93
      3523.92
      3524.92
      3525.91
      3526.87
      3527.87
      3528.91
      3529.91
      3530.92
      3531.93
      3532.92
      3533.91
      3534.88
      3535.88
      3536.90
      3537.91
      3538.91
      3539.93
      3540.94
      3541.92
      3542.87
      3543.86
      3544.90
      3545.92
      3546.93
      3547.94
      3548.92
      3549.91
      3550.85
      3551.86
      3552.94
      3553.93
      3554.92
      3555.92
      3556.92
      3557.91
      3558.88
      3559.87
      3560.90
      3561.91
      3562.92
      3563.93
      3564.92
      3565.91
      3566.89
      3567.89
      3568.91
      3569.91
      3570.92
      3571.92
      3572.91
      3573.91
      3574.87
      3575.86
      3576.90
      3577.93
      3578.97
      3580.00
      3581.01
      3581.94
      3582.62
      3583.72
      3585.04
      3586.00
      3586.98
      3587.95
      3588.91
      3589.88
      3590.83
      3591.84
      3592.90
      3593.92
      3594.93
      3595.93
      3596.92
      3597.91
      3598.88
      3599.88
      3600.90
      3601.91
      3602.91
      3603.92
      3604.92
      3605.92
      3606.86
      3607.86
      3608.93
      3609.92
      3610.91
      3611.92
      3612.92
      3613.91
      3614.85
      3615.87
      3616.93
      3617.92
      3618.93
      3619.93
      3620.91
      3621.90
      3622.86
      3623.86
      3624.92
      3625.92
      3626.92
      3627.93
      3628.93
      3629.91
      3630.88
      3631.87
      3632.89
      3633.90
      3634.92
      3635.93
      3636.92
      3637.91
      3638.87
      3639.86
      3640.91
      3641.92
      3642.93
      3643.93
      3644.92
      3645.91
      3646.85
      3647.86
      3648.92
      3649.92
      3650.93
      3651.92
      3652.91
      3653.91
      3654.87
      3655.88
      3656.91
      3657.91
      3658.92
      3659.92
      3660.91
      3661.91
      3662.89
      3663.89
      3664.91
      3665.91
      3666.91
      3667.91
      3668.91
      3669.92
      3670.88
      3671.87
      3672.91
      3673.91
      3674.92
      3675.93
      3676.92
      3677.91
      3678.85
      3679.86
      3680.94
      3681.93
      3682.92
      3683.91
      3684.90
      3685.91
      3686.88
      3687.88
      3688.91
      3689.92
      3690.91
      3691.91
      3692.91
      3693.92
      3694.89
      3695.89
      3696.91
      3697.91
      3698.91
      3699.91
      3700.92
      3701.91
      3702.88
      3703.87
      3704.91
      3705.93
      3706.93
      3707.92
      3708.91
      3709.89
      3710.86
      3711.89
      3712.93
      3713.92
      3714.92
      3715.91
      3716.91
      3717.91
      3718.87
      3719.88
      3720.92
      3721.91
      3722.91
      3723.92
      3724.93
      3725.91
      3726.88
      3727.88
      3728.90
      3729.90
      3730.92
      3731.93
      3732.92
      3733.91
      3734.86
      3735.86
      3736.91
      3737.92
      3738.92
      3739.93
      3740.93
      3741.91
      3742.84
      3743.85
      3744.93
      3745.93
      3746.92
      3747.93
      3748.92
      3749.92
      3750.87
      3751.87
      3752.91
      3753.91
      3754.91
      3755.91
      3756.92
      3757.92
      3758.90
      3759.89
      3760.91
      3761.91
      3762.91
      3763.91
      3764.91
      3765.91
      3766.87
      3767.88
      3768.93
      3769.92
      3770.91
      3771.92
      3772.92
      3773.91
      3774.84
      3775.86
      3776.93
      3777.93
      3778.94
      3779.94
      3780.93
      3781.90
      3782.86
      3783.86
      3784.90
      3785.91
      3786.92
      3787.93
      3788.92
      3789.91
      3790.89
      3791.88
      3792.91
      3793.91
      3794.90
      3795.92
      3796.92
      3797.92
      3798.88
      3799.88
      3800.92
      3801.92
      3802.91
      3803.91
      3804.92
      3805.92
      3806.86
      3807.86
      3808.93
      3809.92
      3810.92
      3811.92
      3812.92
      3813.91
      3814.88
      3815.88
      3816.91
      3817.92
      3818.91
      3819.91
      3820.92
      3821.92
      3822.90
      3823.88
      3824.91
      3825.91
      3826.90
      3827.90
      3828.91
      3829.92
      3830.88
      3831.88
      3832.92
      3833.92
      3834.91
      3835.92
      3836.94
      3837.93
      3838.80
      3839.83
      3840.97
      3841.95
      3842.92
      3843.91
      3844.92
      3845.91
      3846.86
      3847.87
      3848.91
      3849.92
      3850.92
      3851.92
      3852.93
      3853.91
      3854.88
      3855.88
      3856.91
      3857.92
      3858.91
      3859.91
      3860.92
      3861.91
      3862.87
      3863.88
      3864.91
      3865.91
      3866.92
      3867.93
      3868.93
      3869.91
      3870.85
      3871.87
      3872.93
      3873.92
      3874.91
      3875.92
      3876.92
      3877.91
      3878.88
      3879.88
      3880.91
      3881.91
      3882.90
      3883.92
      3884.93
      3885.92
      3886.89
      3887.88
      3888.90
      3889.91
      3890.92
      3891.92
      3892.91
      3893.92
      3894.89
      3895.88
      3896.91
      3897.91
      3898.91
      3899.91
      3900.94
      3901.94
      3902.85
      3903.85
      3904.93
      3905.93
      3906.91
      3907.91
      3908.93
      3909.92
      3910.89
      3911.87
      3912.89
      3913.90
      3914.91
      3915.93
      3916.93
      3917.92
      3918.89
      3919.88
      3920.90
      3921.91
      3922.91
      3923.92
      3924.92
      3925.91
      3926.89
      3927.89
      3928.91
      3929.91
      3930.91
      3931.93
      3932.93
      3933.92
      3934.85
      3935.86
      3936.92
      3937.93
      3938.92
      3939.92
      3940.92
      3941.91
      3942.88
      3943.88
      3944.91
      3945.91
      3946.91
      3947.91
      3948.92
      3949.93
      3950.89
      3951.88
      3952.91
      3953.92
      3954.91
      3955.91
      3956.92
      3957.92
      3958.88
      3959.88
      3960.91
      3961.92
      3962.92
      3963.92
      3964.92
      3965.91
      3966.85
      3967.87
      3968.94
      3969.94
      3970.91
      3971.90
      3972.92
      3973.91
      3974.88
      3975.88
      3976.91
      3977.92
      3978.91
      3979.91
      3980.93
      3981.92
      3982.88
      3983.88
      3984.91
      3985.92
      3986.91
      3987.91
      3988.93
      3989.93
      3990.88
      3991.87
      3992.91
      3993.92
      3994.91
      3995.92
      3996.93
      3997.92
      3998.86
      3999.87
      4000.93
      4001.93
      4002.91
      4003.90
      4004.92
      4005.92
      4006.88
      4007.88
      4008.92
      4009.93
      4010.91
      4011.91
      4012.92
      4013.91
      4014.89
      4015.88
      4016.91
      4017.92
      4018.92
      4019.92
      4020.93
      4021.91
      4022.87
      4023.87
      4024.92
      4025.92
      4026.92
      4027.93
      4028.93
      4029.92
      4030.85
      4031.87
      4032.93
      4033.91
      4034.91
      4035.92
      4036.93
      4037.92
      4038.89
      4039.88
      4040.91
      4041.91
      4042.90
      4043.91
      4044.93
      4045.92
      4046.89
      4047.89
      4048.92
      4049.92
      4050.90
      4051.90
      4052.92
      4053.91
      4054.88
      4055.89
      4056.92
      4057.93
      4058.92
      4059.91
      4060.91
      4061.91
      4062.87
      4063.88
      4064.93
      4065.93
      4066.92
      4067.91
      4068.92
      4069.91
      4070.88
      4071.89
      4072.91
      4073.91
      4074.91
      4075.91
      4076.94
      4077.92
      4078.89
      4079.87
      4080.90
      4081.92
      4082.92
      4083.92
      4084.93
      4085.92
      4086.89
      4087.88
      4088.90
      4089.92
      4090.92
      4091.92
      4092.92
      4093.90
      4094.90
