PDS_VERSION_ID         = PDS3
RECORD_TYPE            = STREAM
OBJECT                 = TEXT
  PUBLICATION_DATE     = 2019-04-02
  INTERCHANGE_FORMAT   = ASCII
  NOTE                 = "File contaning bitweight corrrection for NAC, gain 
                         state 2, and temperature -10 degrees Celsius derived 
                         during ground calibration."
END_OBJECT             = TEXT
END

\begindata
      0.00000
      1.00000
      2.00000
      3.00000
      4.00000
      5.00000
      6.00000
      7.00000
      8.00000
      9.00000
      10.0000
      11.0000
      12.0000
      13.0000
      14.0000
      15.0000
      16.0000
      17.0000
      18.0000
      19.0000
      20.0000
      21.0000
      22.0000
      23.0000
      24.0000
      25.0000
      26.0000
      27.0000
      28.0000
      29.0000
      30.0000
      31.0000
      32.0000
      33.0000
      34.0000
      35.0000
      36.0000
      37.0000
      38.0000
      39.0000
      40.0000
      41.0000
      42.0000
      43.0000
      44.0000
      45.0000
      46.0000
      47.0000
      48.0000
      49.0000
      50.0000
      51.0000
      52.0000
      53.0000
      54.0000
      55.0000
      56.0000
      57.0000
      58.0000
      59.0000
      60.0000
      61.0000
      62.0000
      63.0000
      64.0000
      65.0000
      66.0000
      67.0000
      68.0000
      69.0000
      70.0000
      71.0000
      72.0000
      73.0000
      74.0000
      75.0000
      76.0000
      77.0000
      78.0000
      79.0000
      80.0000
      81.0000
      82.0000
      83.0000
      84.0000
      85.0000
      86.0000
      87.0000
      88.0000
      89.0000
      90.0000
      91.0000
      92.0000
      93.0000
      94.0000
      95.0000
      96.0000
      97.0000
      98.0000
      99.0000
      100.000
      101.000
      102.000
      103.000
      104.000
      105.000
      106.000
      107.000
      108.000
      109.000
      110.000
      111.000
      112.000
      113.000
      114.000
      115.000
      116.000
      117.000
      118.000
      119.000
      120.000
      121.000
      122.000
      123.000
      124.000
      125.000
      126.000
      127.000
      128.000
      129.000
      130.000
      131.000
      132.000
      133.000
      134.000
      135.000
      136.000
      137.000
      138.000
      139.000
      140.000
      141.000
      142.000
      143.000
      144.000
      145.000
      146.000
      147.000
      148.000
      149.000
      150.000
      151.000
      152.000
      153.000
      154.000
      155.000
      156.000
      157.000
      158.000
      159.000
      160.000
      161.000
      162.000
      163.000
      164.000
      165.000
      166.000
      167.000
      168.000
      169.000
      170.000
      171.000
      172.000
      173.000
      174.000
      175.000
      176.000
      177.000
      178.000
      179.000
      180.000
      181.000
      181.990
      182.960
      183.950
      184.970
      185.980
      186.980
      187.990
      188.990
      189.980
      190.940
      191.950
      192.990
      193.990
      194.950
      195.960
      197.010
      198.010
      198.940
      199.940
      200.990
      201.990
      202.950
      203.960
      205.010
      206.000
      206.950
      207.940
      208.980
      209.990
      210.960
      211.960
      213.000
      214.000
      214.940
      215.940
      216.980
      217.990
      218.980
      219.970
      220.990
      221.990
      222.940
      223.940
      224.980
      225.990
      226.990
      227.990
      228.990
      229.980
      230.950
      231.940
      232.960
      233.980
      234.990
      236.000
      237.000
      237.980
      238.950
      239.940
      240.950
      241.980
      242.990
      244.000
      245.000
      245.990
      246.950
      247.930
      248.970
      249.990
      250.980
      251.990
      253.000
      253.980
      254.920
      255.940
      257.020
      258.010
      258.950
      259.950
      261.010
      262.000
      262.920
      263.930
      265.010
      266.010
      266.960
      267.960
      269.010
      269.990
      270.940
      271.940
      272.990
      273.990
      274.960
      275.970
      277.020
      278.000
      278.920
      279.930
      281.000
      282.000
      282.960
      283.970
      285.000
      285.990
      286.940
      287.940
      288.990
      290.000
      290.990
      291.990
      292.990
      293.980
      294.940
      295.940
      296.980
      297.980
      298.980
      299.990
      301.000
      301.990
      302.960
      303.940
      304.970
      305.980
      306.980
      307.990
      309.000
      309.990
      310.950
      311.940
      312.990
      314.000
      314.980
      315.980
      317.000
      317.980
      318.940
      319.940
      321.000
      322.010
      322.960
      323.970
      325.010
      325.990
      326.930
      327.930
      329.000
      330.010
      330.960
      331.970
      333.010
      334.000
      334.940
      335.940
      336.990
      337.990
      338.960
      339.980
      341.000
      342.000
      342.950
      343.950
      344.990
      345.990
      346.970
      347.970
      349.000
      349.990
      350.940
      351.940
      352.990
      353.990
      354.980
      355.980
      357.000
      357.990
      358.940
      359.940
      360.980
      361.980
      362.970
      363.990
      365.000
      366.000
      366.960
      367.940
      368.970
      369.980
      370.970
      371.980
      373.000
      373.990
      374.950
      375.950
      376.990
      377.980
      378.960
      379.970
      381.000
      381.990
      382.940
      383.950
      385.000
      386.000
      386.970
      387.960
      389.000
      389.990
      390.930
      391.950
      393.000
      393.990
      394.960
      395.970
      397.010
      398.000
      398.950
      399.940
      400.980
      401.990
      402.970
      403.970
      405.000
      406.000
      406.940
      407.940
      408.990
      409.990
      410.980
      411.990
      413.010
      413.980
      414.930
      415.940
      416.990
      417.990
      418.980
      419.990
      421.000
      421.990
      422.940
      423.940
      424.980
      425.990
      426.980
      427.990
      429.000
      429.990
      430.950
      431.950
      432.970
      433.990
      434.990
      436.000
      436.990
      437.980
      438.950
      439.950
      440.980
      441.990
      442.980
      443.990
      445.010
      445.990
      446.940
      447.940
      448.990
      449.990
      450.970
      451.990
      453.020
      454.000
      454.930
      455.930
      456.990
      458.010
      458.980
      459.970
      461.000
      461.990
      462.940
      463.940
      464.990
      466.000
      466.980
      467.990
      468.990
      469.970
      470.940
      471.940
      472.990
      474.010
      474.990
      475.980
      476.990
      477.990
      478.930
      479.940
      480.990
      481.990
      482.990
      483.990
      484.990
      485.990
      486.940
      487.940
      488.980
      489.990
      490.990
      491.990
      493.000
      493.990
      494.950
      495.950
      496.980
      497.980
      498.970
      499.980
      500.990
      502.000
      502.960
      503.970
      505.010
      506.010
      506.970
      507.940
      508.930
      509.880
      511.070
      512.120
      512.950
      513.950
      514.930
      515.950
      517.000
      518.000
      518.940
      519.950
      521.010
      522.000
      522.960
      523.960
      525.010
      526.000
      526.930
      527.940
      529.000
      530.000
      530.970
      531.960
      533.010
      534.000
      534.940
      535.940
      536.990
      538.000
      538.980
      539.980
      541.000
      542.000
      542.940
      543.940
      544.980
      545.980
      546.980
      547.980
      549.010
      550.000
      550.950
      551.940
      552.980
      553.990
      554.980
      555.980
      557.000
      558.000
      558.970
      559.960
      560.980
      561.990
      562.980
      563.980
      565.000
      566.000
      566.950
      567.940
      568.990
      570.000
      570.990
      571.990
      573.000
      573.980
      574.940
      575.940
      576.990
      578.000
      578.980
      579.980
      581.010
      581.990
      582.930
      583.940
      585.000
      586.010
      586.970
      587.970
      589.000
      589.990
      590.940
      591.940
      592.990
      594.000
      594.980
      595.980
      596.990
      597.990
      598.940
      599.940
      600.990
      602.000
      602.980
      603.980
      605.010
      605.990
      606.930
      607.940
      609.000
      609.990
      610.980
      611.990
      613.000
      613.990
      614.950
      615.940
      616.980
      617.980
      618.980
      619.990
      621.010
      621.990
      622.950
      623.940
      624.970
      625.990
      626.990
      627.990
      629.000
      629.990
      630.940
      631.940
      632.990
      634.000
      634.980
      635.990
      637.000
      637.980
      638.930
      639.950
      641.000
      642.010
      642.980
      643.980
      645.000
      645.980
      646.930
      647.950
      649.000
      650.000
      650.970
      651.980
      653.010
      654.000
      654.940
      655.940
      656.980
      658.000
      658.980
      659.990
      661.010
      661.990
      662.930
      663.940
      664.990
      665.990
      666.980
      668.000
      669.010
      669.990
      670.930
      671.930
      672.990
      673.990
      674.990
      675.990
      677.000
      677.990
      678.950
      679.940
      680.970
      681.980
      682.990
      684.000
      685.000
      685.990
      686.960
      687.950
      688.970
      689.980
      690.980
      691.990
      693.000
      693.990
      694.950
      695.950
      696.990
      697.990
      698.980
      699.980
      701.000
      702.000
      702.950
      703.950
      704.990
      705.990
      706.980
      707.980
      709.000
      710.000
      710.950
      711.950
      712.990
      713.990
      714.980
      715.980
      717.000
      717.990
      718.950
      719.950
      720.980
      721.990
      722.980
      723.990
      725.000
      725.990
      726.950
      727.940
      728.980
      729.990
      730.990
      731.990
      733.000
      733.990
      734.940
      735.940
      736.990
      737.990
      738.990
      739.990
      741.000
      741.990
      742.950
      743.960
      744.980
      745.980
      746.980
      747.990
      749.000
      749.990
      750.960
      751.960
      752.980
      753.990
      754.990
      755.980
      756.990
      757.980
      758.940
      759.950
      760.990
      762.000
      762.990
      764.000
      765.010
      765.990
      766.900
      767.910
      769.010
      770.010
      771.000
      771.990
      773.000
      773.990
      774.940
      775.930
      776.990
      778.000
      778.970
      779.980
      781.010
      782.000
      782.950
      783.940
      784.980
      786.000
      786.990
      787.990
      789.000
      789.980
      790.930
      791.940
      792.990
      794.010
      795.000
      796.000
      797.000
      797.980
      798.920
      799.940
      801.000
      802.000
      802.990
      804.000
      805.000
      805.990
      806.940
      807.930
      808.980
      810.000
      811.000
      811.990
      813.000
      813.990
      814.940
      815.950
      816.990
      818.000
      818.990
      819.990
      820.990
      821.980
      822.940
      823.950
      825.000
      826.000
      826.990
      827.990
      829.000
      829.990
      830.940
      831.940
      832.990
      834.000
      834.990
      835.990
      836.990
      837.990
      838.940
      839.940
      840.990
      842.000
      842.990
      843.990
      844.990
      845.980
      846.950
      847.950
      848.990
      849.990
      850.990
      852.000
      853.000
      853.980
      854.940
      855.950
      856.990
      858.000
      858.990
      859.990
      861.000
      861.990
      862.940
      863.950
      864.990
      866.000
      866.990
      867.990
      868.990
      869.990
      870.950
      871.950
      872.990
      873.990
      874.980
      875.990
      877.000
      878.000
      878.950
      879.940
      881.000
      882.000
      882.980
      883.980
      885.000
      885.990
      886.950
      887.950
      889.000
      890.010
      890.980
      891.980
      893.000
      893.970
      894.930
      895.960
      897.020
      898.010
      898.980
      899.980
      901.000
      901.980
      902.930
      903.950
      905.000
      906.000
      906.980
      907.990
      909.010
      910.000
      910.940
      911.940
      912.990
      913.990
      914.980
      915.990
      917.010
      917.990
      918.940
      919.940
      920.990
      922.000
      922.980
      924.000
      925.010
      925.990
      926.930
      927.940
      929.000
      930.010
      930.990
      931.990
      933.000
      933.980
      934.950
      935.950
      936.980
      937.980
      938.990
      940.000
      941.000
      941.990
      942.940
      943.940
      944.990
      946.000
      947.000
      947.990
      948.990
      949.990
      950.940
      951.950
      952.990
      954.000
      954.990
      955.990
      957.000
      957.990
      958.930
      959.950
      961.000
      962.000
      962.990
      963.990
      964.990
      965.990
      966.950
      967.960
      968.990
      969.980
      970.980
      971.990
      973.010
      974.000
      974.950
      975.950
      976.990
      977.990
      978.980
      979.990
      980.990
      981.990
      982.950
      983.950
      985.000
      986.000
      986.990
      987.990
      989.000
      989.980
      990.930
      991.940
      993.010
      994.010
      994.990
      995.990
      997.000
      997.990
      998.950
      999.950
      1000.99
      1001.99
      1002.99
      1003.99
      1005.01
      1006.00
      1006.95
      1007.95
      1008.99
      1009.99
      1010.98
      1011.98
      1012.99
      1014.00
      1014.97
      1015.97
      1017.02
      1018.02
      1018.98
      1019.94
      1020.91
      1021.86
      1023.10
      1024.15
      1024.94
      1025.95
      1026.94
      1027.96
      1028.99
      1029.99
      1030.95
      1031.96
      1033.01
      1034.01
      1034.98
      1035.98
      1037.00
      1037.98
      1038.94
      1039.95
      1041.00
      1041.99
      1042.98
      1043.99
      1045.01
      1046.00
      1046.93
      1047.94
      1049.00
      1049.99
      1050.98
      1052.00
      1053.02
      1054.00
      1054.92
      1055.93
      1057.00
      1058.00
      1058.99
      1059.99
      1061.00
      1062.00
      1062.94
      1063.94
      1064.99
      1065.99
      1066.99
      1067.99
      1069.00
      1069.99
      1070.95
      1071.95
      1072.98
      1074.00
      1074.99
      1075.99
      1077.00
      1077.99
      1078.94
      1079.95
      1081.00
      1081.99
      1082.99
      1084.00
      1085.00
      1085.99
      1086.94
      1087.94
      1088.99
      1090.00
      1091.00
      1092.00
      1093.00
      1093.99
      1094.94
      1095.94
      1096.99
      1097.99
      1098.99
      1100.00
      1101.00
      1101.99
      1102.95
      1103.94
      1104.98
      1105.99
      1106.99
      1108.00
      1109.00
      1109.99
      1110.94
      1111.94
      1112.99
      1114.00
      1114.99
      1116.00
      1117.01
      1118.00
      1118.93
      1119.93
      1121.00
      1122.00
      1123.00
      1124.00
      1124.99
      1125.99
      1126.94
      1127.94
      1128.99
      1129.99
      1130.99
      1132.00
      1133.01
      1133.99
      1134.94
      1135.94
      1136.98
      1137.99
      1138.99
      1140.00
      1141.01
      1142.00
      1142.94
      1143.94
      1144.99
      1146.00
      1146.99
      1148.00
      1149.00
      1149.97
      1150.94
      1151.97
      1153.01
      1154.00
      1154.98
      1155.98
      1157.00
      1157.99
      1158.94
      1159.94
      1160.99
      1162.00
      1162.99
      1164.00
      1165.01
      1165.99
      1166.94
      1167.94
      1168.99
      1170.00
      1170.99
      1171.99
      1173.00
      1174.00
      1174.94
      1175.94
      1177.00
      1178.00
      1178.99
      1180.00
      1181.01
      1182.00
      1182.92
      1183.93
      1185.01
      1186.01
      1187.00
      1187.99
      1188.99
      1189.99
      1190.94
      1191.95
      1192.99
      1193.99
      1194.99
      1196.00
      1197.00
      1197.99
      1198.95
      1199.95
      1200.99
      1202.00
      1202.99
      1204.00
      1205.00
      1205.99
      1206.94
      1207.95
      1209.00
      1210.00
      1211.00
      1212.00
      1213.00
      1213.99
      1214.94
      1215.95
      1217.00
      1218.00
      1218.99
      1220.00
      1221.01
      1221.99
      1222.94
      1223.94
      1224.98
      1225.99
      1226.99
      1228.00
      1229.00
      1230.00
      1230.95
      1231.94
      1232.98
      1234.00
      1235.00
      1236.00
      1237.00
      1237.99
      1238.94
      1239.94
      1240.99
      1242.00
      1243.01
      1244.01
      1245.01
      1245.99
      1246.92
      1247.93
      1249.00
      1250.00
      1251.00
      1252.00
      1253.00
      1254.00
      1254.95
      1255.94
      1256.99
      1257.99
      1258.99
      1260.00
      1261.00
      1261.99
      1262.96
      1263.95
      1264.99
      1265.99
      1267.00
      1268.00
      1269.00
      1269.99
      1270.93
      1271.93
      1272.99
      1274.01
      1275.02
      1276.03
      1277.03
      1278.01
      1278.83
      1279.86
      1281.06
      1282.04
      1283.03
      1284.01
      1284.99
      1285.97
      1286.93
      1287.94
      1288.99
      1289.99
      1291.00
      1292.00
      1292.99
      1293.99
      1294.96
      1295.96
      1296.97
      1297.98
      1299.00
      1300.01
      1300.99
      1301.98
      1302.94
      1303.95
      1305.00
      1306.00
      1307.00
      1308.01
      1309.00
      1309.98
      1310.93
      1311.94
      1313.00
      1314.00
      1315.00
      1316.00
      1317.00
      1317.99
      1318.94
      1319.95
      1320.99
      1322.00
      1323.00
      1324.00
      1324.99
      1325.98
      1326.96
      1327.96
      1328.98
      1329.98
      1330.99
      1332.00
      1333.01
      1334.00
      1334.94
      1335.94
      1336.99
      1338.00
      1339.00
      1340.00
      1341.01
      1341.99
      1342.93
      1343.94
      1345.00
      1346.00
      1346.99
      1348.00
      1349.00
      1349.99
      1350.95
      1351.95
      1353.00
      1353.99
      1354.99
      1355.99
      1357.00
      1357.99
      1358.96
      1359.96
      1360.98
      1361.99
      1362.99
      1364.00
      1365.00
      1366.00
      1366.95
      1367.94
      1368.99
      1369.99
      1370.99
      1372.00
      1373.01
      1374.00
      1374.94
      1375.95
      1377.00
      1377.99
      1378.99
      1380.00
      1381.00
      1381.99
      1382.95
      1383.95
      1384.99
      1386.00
      1386.99
      1387.99
      1389.00
      1389.99
      1390.96
      1391.95
      1392.98
      1393.99
      1395.00
      1396.00
      1397.00
      1397.99
      1398.94
      1399.94
      1401.00
      1402.01
      1403.00
      1404.00
      1404.99
      1405.97
      1406.94
      1407.96
      1409.00
      1409.99
      1411.00
      1412.01
      1413.01
      1413.99
      1414.93
      1415.93
      1416.99
      1418.00
      1419.00
      1420.01
      1421.00
      1421.98
      1422.95
      1423.95
      1424.98
      1425.99
      1427.00
      1428.01
      1429.00
      1429.99
      1430.94
      1431.94
      1432.99
      1434.00
      1435.00
      1436.01
      1437.01
      1437.99
      1438.92
      1439.94
      1441.00
      1442.00
      1443.00
      1444.00
      1444.99
      1445.99
      1446.95
      1447.95
      1448.99
      1449.99
      1450.99
      1451.99
      1453.00
      1453.99
      1454.96
      1455.96
      1456.98
      1457.98
      1458.99
      1460.00
      1461.00
      1461.99
      1462.95
      1463.95
      1465.00
      1466.00
      1467.00
      1468.00
      1469.00
      1469.98
      1470.94
      1471.95
      1473.00
      1474.00
      1474.99
      1476.00
      1477.00
      1477.99
      1478.95
      1479.94
      1480.99
      1481.99
      1482.99
      1484.00
      1485.01
      1486.00
      1486.95
      1487.95
      1488.98
      1489.99
      1491.00
      1492.00
      1493.00
      1494.00
      1494.95
      1495.95
      1497.00
      1498.00
      1498.99
      1500.00
      1501.00
      1501.99
      1502.94
      1503.95
      1505.00
      1506.00
      1507.00
      1508.00
      1509.00
      1510.00
      1510.94
      1511.95
      1512.99
      1513.99
      1514.99
      1516.00
      1517.01
      1518.00
      1518.96
      1519.96
      1520.98
      1521.99
      1522.98
      1523.98
      1525.00
      1526.00
      1526.97
      1527.98
      1529.03
      1530.02
      1530.98
      1531.95
      1532.91
      1533.86
      1535.08
      1536.15
      1536.96
      1537.95
      1538.95
      1539.97
      1540.99
      1541.99
      1542.95
      1543.95
      1545.01
      1546.01
      1547.00
      1548.00
      1549.00
      1549.98
      1550.95
      1551.95
      1552.98
      1553.99
      1555.00
      1556.01
      1557.00
      1557.99
      1558.94
      1559.94
      1561.00
      1562.00
      1563.01
      1564.01
      1565.00
      1565.98
      1566.92
      1567.93
      1569.00
      1570.01
      1571.01
      1572.00
      1572.99
      1573.98
      1574.94
      1575.94
      1577.00
      1578.00
      1578.99
      1580.00
      1581.00
      1581.99
      1582.95
      1583.96
      1584.98
      1585.99
      1586.99
      1588.00
      1589.01
      1590.00
      1590.95
      1591.94
      1592.99
      1594.00
      1595.00
      1596.00
      1597.01
      1597.99
      1598.94
      1599.94
      1600.99
      1602.00
      1603.00
      1604.00
      1605.00
      1606.00
      1606.95
      1607.94
      1608.99
      1609.99
      1610.99
      1611.99
      1613.00
      1613.99
      1614.95
      1615.95
      1616.99
      1618.00
      1619.00
      1620.00
      1621.00
      1621.99
      1622.94
      1623.95
      1624.99
      1626.00
      1627.01
      1628.01
      1629.01
      1629.99
      1630.92
      1631.93
      1633.00
      1634.01
      1635.01
      1636.00
      1637.00
      1637.99
      1638.94
      1639.94
      1640.99
      1641.99
      1642.99
      1644.00
      1645.00
      1646.00
      1646.96
      1647.95
      1648.98
      1649.99
      1650.99
      1652.00
      1653.01
      1654.00
      1654.95
      1655.94
      1657.00
      1658.00
      1659.01
      1660.00
      1661.00
      1661.98
      1662.93
      1663.95
      1665.00
      1666.00
      1667.01
      1668.01
      1669.00
      1669.98
      1670.93
      1671.93
      1672.99
      1674.00
      1675.01
      1676.01
      1677.00
      1677.99
      1678.95
      1679.95
      1680.98
      1681.99
      1683.00
      1684.01
      1685.01
      1686.00
      1686.94
      1687.94
      1688.99
      1690.00
      1691.00
      1692.01
      1693.01
      1693.99
      1694.92
      1695.94
      1697.01
      1698.01
      1699.00
      1700.00
      1701.00
      1702.00
      1702.95
      1703.94
      1704.99
      1705.99
      1707.00
      1708.00
      1709.00
      1709.99
      1710.96
      1711.96
      1712.99
      1713.99
      1714.99
      1716.00
      1717.00
      1718.00
      1718.94
      1719.94
      1721.00
      1722.01
      1723.01
      1724.00
      1725.00
      1725.99
      1726.93
      1727.94
      1729.00
      1730.02
      1731.01
      1732.00
      1733.00
      1733.99
      1734.94
      1735.94
      1737.00
      1738.00
      1739.00
      1740.00
      1741.00
      1741.99
      1742.96
      1743.95
      1744.98
      1745.99
      1747.00
      1748.00
      1749.00
      1749.99
      1750.95
      1751.95
      1753.00
      1754.00
      1755.00
      1756.00
      1757.01
      1757.99
      1758.92
      1759.93
      1761.01
      1762.01
      1763.00
      1764.01
      1765.00
      1765.99
      1766.93
      1767.94
      1769.00
      1770.00
      1771.01
      1772.00
      1773.00
      1773.99
      1774.96
      1775.95
      1776.99
      1778.00
      1779.00
      1780.00
      1781.00
      1781.99
      1782.94
      1783.94
      1785.00
      1786.01
      1787.01
      1788.03
      1789.03
      1790.01
      1790.85
      1791.88
      1793.05
      1794.03
      1795.02
      1796.01
      1797.00
      1797.98
      1798.93
      1799.93
      1800.99
      1802.00
      1803.00
      1804.00
      1805.00
      1805.99
      1806.96
      1807.96
      1808.98
      1809.99
      1810.99
      1812.01
      1813.01
      1813.99
      1814.94
      1815.94
      1817.00
      1818.00
      1819.01
      1820.02
      1821.01
      1821.99
      1822.92
      1823.94
      1825.00
      1826.00
      1827.01
      1828.01
      1829.01
      1830.00
      1830.94
      1831.94
      1832.99
      1834.00
      1835.00
      1836.00
      1837.00
      1838.00
      1838.96
      1839.95
      1840.98
      1842.00
      1843.00
      1844.01
      1845.00
      1845.99
      1846.93
      1847.94
      1849.00
      1850.01
      1851.01
      1852.01
      1853.00
      1854.00
      1854.94
      1855.94
      1857.00
      1858.00
      1859.00
      1860.00
      1861.00
      1862.00
      1862.95
      1863.95
      1864.99
      1865.99
      1867.00
      1868.00
      1869.00
      1869.99
      1870.97
      1871.96
      1872.98
      1873.99
      1875.00
      1876.00
      1877.00
      1878.00
      1878.94
      1879.94
      1881.00
      1882.00
      1883.00
      1884.01
      1885.00
      1886.00
      1886.94
      1887.95
      1889.00
      1890.00
      1891.00
      1892.00
      1893.00
      1894.01
      1894.95
      1895.95
      1897.00
      1897.99
      1898.99
      1899.99
      1901.00
      1901.99
      1902.98
      1903.97
      1904.98
      1905.98
      1906.99
      1908.00
      1909.00
      1910.00
      1910.94
      1911.94
      1913.01
      1914.02
      1915.02
      1916.01
      1916.99
      1917.97
      1918.92
      1919.95
      1921.02
      1922.02
      1923.01
      1924.00
      1925.00
      1925.99
      1926.93
      1927.94
      1929.00
      1930.00
      1931.00
      1932.01
      1933.00
      1933.99
      1934.97
      1935.97
      1936.98
      1937.98
      1938.99
      1940.01
      1941.01
      1942.00
      1942.94
      1943.94
      1944.99
      1946.00
      1947.00
      1948.02
      1949.01
      1949.99
      1950.93
      1951.94
      1953.01
      1954.01
      1955.01
      1956.01
      1957.00
      1957.99
      1958.94
      1959.94
      1961.00
      1962.00
      1963.00
      1964.00
      1965.00
      1965.99
      1966.96
      1967.96
      1968.98
      1969.99
      1971.00
      1972.01
      1973.00
      1974.00
      1974.95
      1975.95
      1977.00
      1978.00
      1979.00
      1980.01
      1981.01
      1981.99
      1982.93
      1983.94
      1985.00
      1986.00
      1987.01
      1988.01
      1989.01
      1989.99
      1990.94
      1991.95
      1993.00
      1994.00
      1995.00
      1996.00
      1997.00
      1997.98
      1998.97
      1999.97
      2000.98
      2001.99
      2003.00
      2004.00
      2005.01
      2006.00
      2006.94
      2007.94
      2009.00
      2010.01
      2011.01
      2012.01
      2013.00
      2013.99
      2014.93
      2015.94
      2017.00
      2018.01
      2019.01
      2020.00
      2021.00
      2022.00
      2022.94
      2023.95
      2025.00
      2026.00
      2027.00
      2027.99
      2029.00
      2030.00
      2030.98
      2031.97
      2032.99
      2033.99
      2035.00
      2036.00
      2037.00
      2037.99
      2038.93
      2039.94
      2041.01
      2042.03
      2043.03
      2044.03
      2045.02
      2045.99
      2046.81
      2047.88
      2049.10
      2050.07
      2051.03
      2052.00
      2052.98
      2053.97
      2054.92
      2055.94
      2057.00
      2058.01
      2059.00
      2060.00
      2061.00
      2061.99
      2062.96
      2063.96
      2064.99
      2066.00
      2067.00
      2068.00
      2069.00
      2069.99
      2070.94
      2071.95
      2073.00
      2074.00
      2075.01
      2076.02
      2077.01
      2077.99
      2078.92
      2079.93
      2081.01
      2082.01
      2083.01
      2084.00
      2085.00
      2085.99
      2086.94
      2087.94
      2089.00
      2090.00
      2091.00
      2092.01
      2093.00
      2093.99
      2094.96
      2095.95
      2096.98
      2098.00
      2099.00
      2100.01
      2101.01
      2102.00
      2102.94
      2103.94
      2105.00
      2106.00
      2107.00
      2108.01
      2109.01
      2110.00
      2110.93
      2111.94
      2113.01
      2114.00
      2115.00
      2116.01
      2117.01
      2118.00
      2118.94
      2119.93
      2121.00
      2122.01
      2123.00
      2124.00
      2125.00
      2126.00
      2126.96
      2127.96
      2128.98
      2129.99
      2131.00
      2132.01
      2133.01
      2134.00
      2134.95
      2135.94
      2136.99
      2138.01
      2139.00
      2140.01
      2141.01
      2142.00
      2142.93
      2143.94
      2145.01
      2146.01
      2147.01
      2148.01
      2149.00
      2149.99
      2150.94
      2151.94
      2153.00
      2154.00
      2155.00
      2156.00
      2157.00
      2157.99
      2158.97
      2159.96
      2160.98
      2161.98
      2162.99
      2164.01
      2165.01
      2166.00
      2166.95
      2167.94
      2169.00
      2170.00
      2171.01
      2172.01
      2173.00
      2173.99
      2174.93
      2175.95
      2177.01
      2178.00
      2179.00
      2180.01
      2181.01
      2182.00
      2182.94
      2183.94
      2184.99
      2186.00
      2187.00
      2188.01
      2189.01
      2189.99
      2190.96
      2191.95
      2192.98
      2194.00
      2195.00
      2196.01
      2197.01
      2198.00
      2198.94
      2199.94
      2201.00
      2202.01
      2203.01
      2204.01
      2205.01
      2206.00
      2206.92
      2207.93
      2209.01
      2210.01
      2211.01
      2212.01
      2213.01
      2214.00
      2214.94
      2215.94
      2217.00
      2218.00
      2219.00
      2220.00
      2221.00
      2222.00
      2222.97
      2223.96
      2224.99
      2225.99
      2227.00
      2228.00
      2229.00
      2230.01
      2230.95
      2231.94
      2233.00
      2234.01
      2235.01
      2236.01
      2237.00
      2237.99
      2238.93
      2239.93
      2241.01
      2242.02
      2243.01
      2244.01
      2245.00
      2246.00
      2246.95
      2247.94
      2248.99
      2250.00
      2251.00
      2252.01
      2253.01
      2253.99
      2254.96
      2255.95
      2256.99
      2258.00
      2259.00
      2260.01
      2261.01
      2262.00
      2262.94
      2263.94
      2265.00
      2266.01
      2267.01
      2268.01
      2269.01
      2270.00
      2270.93
      2271.93
      2273.00
      2274.00
      2275.01
      2276.02
      2277.01
      2278.00
      2278.94
      2279.94
      2280.99
      2282.00
      2283.00
      2284.00
      2285.00
      2286.00
      2286.97
      2287.96
      2288.98
      2289.99
      2291.00
      2292.00
      2293.01
      2294.00
      2294.94
      2295.94
      2297.00
      2298.01
      2299.02
      2300.02
      2301.02
      2302.01
      2302.87
      2303.89
      2305.04
      2306.03
      2307.03
      2308.02
      2309.00
      2309.99
      2310.93
      2311.93
      2312.99
      2314.00
      2315.01
      2316.01
      2317.01
      2318.00
      2318.96
      2319.95
      2320.98
      2321.99
      2322.99
      2324.01
      2325.01
      2326.00
      2326.95
      2327.94
      2329.00
      2329.99
      2331.00
      2332.02
      2333.02
      2333.99
      2334.92
      2335.93
      2337.01
      2338.01
      2339.01
      2340.01
      2341.01
      2342.00
      2342.94
      2343.93
      2345.00
      2346.01
      2347.01
      2348.00
      2349.00
      2349.99
      2350.97
      2351.96
      2352.98
      2353.99
      2355.00
      2356.01
      2357.01
      2358.00
      2358.94
      2359.94
      2361.01
      2362.01
      2363.01
      2364.01
      2365.01
      2366.00
      2366.93
      2367.93
      2369.01
      2370.01
      2371.01
      2372.01
      2373.01
      2374.00
      2374.95
      2375.94
      2376.99
      2378.00
      2379.01
      2380.01
      2381.00
      2381.99
      2382.97
      2383.95
      2384.97
      2386.00
      2387.01
      2388.01
      2389.01
      2390.00
      2390.94
      2391.93
      2392.99
      2394.00
      2395.01
      2396.02
      2397.02
      2398.00
      2398.93
      2399.93
      2401.00
      2402.00
      2403.01
      2404.01
      2405.00
      2406.00
      2406.95
      2407.95
      2408.99
      2409.99
      2411.00
      2412.01
      2413.01
      2413.99
      2414.96
      2415.96
      2416.99
      2418.00
      2419.00
      2420.01
      2421.01
      2422.00
      2422.94
      2423.95
      2425.00
      2426.01
      2427.02
      2428.01
      2429.00
      2429.98
      2430.92
      2431.95
      2433.01
      2434.02
      2435.01
      2436.01
      2437.00
      2437.99
      2438.94
      2439.94
      2441.00
      2442.01
      2443.01
      2444.01
      2445.00
      2445.98
      2446.96
      2447.97
      2448.98
      2450.00
      2451.00
      2452.01
      2453.01
      2454.00
      2454.94
      2455.94
      2457.00
      2458.01
      2459.02
      2460.02
      2461.01
      2462.00
      2462.92
      2463.92
      2465.00
      2466.01
      2467.02
      2468.02
      2469.01
      2470.00
      2470.94
      2471.94
      2473.00
      2474.00
      2475.00
      2476.01
      2477.00
      2477.99
      2478.97
      2479.96
      2480.98
      2482.00
      2483.01
      2484.01
      2485.00
      2485.99
      2486.94
      2487.94
      2489.00
      2490.01
      2491.02
      2492.02
      2493.01
      2493.99
      2494.92
      2495.93
      2497.00
      2498.00
      2499.01
      2500.01
      2501.01
      2502.01
      2502.95
      2503.94
      2504.99
      2505.99
      2506.99
      2508.00
      2509.01
      2510.00
      2510.97
      2511.97
      2512.98
      2513.99
      2515.00
      2516.01
      2517.00
      2518.00
      2518.95
      2519.94
      2521.00
      2522.01
      2523.02
      2524.01
      2525.01
      2526.00
      2526.92
      2527.93
      2529.01
      2530.00
      2531.01
      2532.02
      2533.01
      2534.00
      2534.94
      2535.94
      2536.99
      2537.99
      2539.00
      2540.02
      2541.02
      2542.00
      2542.97
      2543.96
      2544.97
      2545.98
      2546.99
      2548.00
      2549.01
      2550.01
      2550.97
      2551.96
      2553.01
      2554.01
      2555.00
      2555.98
      2556.95
      2557.92
      2559.02
      2560.07
      2560.99
      2561.98
      2562.98
      2563.98
      2565.00
      2566.00
      2566.95
      2567.95
      2569.01
      2570.01
      2571.00
      2572.00
      2573.00
      2573.99
      2574.95
      2575.96
      2576.99
      2577.99
      2579.00
      2580.01
      2581.01
      2582.00
      2582.94
      2583.94
      2585.00
      2586.00
      2587.00
      2588.01
      2589.01
      2590.00
      2590.93
      2591.94
      2593.01
      2594.01
      2595.01
      2596.01
      2597.01
      2598.00
      2598.94
      2599.95
      2601.00
      2602.00
      2603.00
      2604.01
      2605.00
      2605.99
      2606.96
      2607.96
      2608.98
      2609.99
      2611.00
      2612.01
      2613.01
      2614.00
      2614.95
      2615.94
      2616.99
      2618.00
      2619.01
      2620.02
      2621.02
      2622.01
      2622.94
      2623.93
      2624.99
      2626.00
      2627.01
      2628.01
      2629.01
      2630.01
      2630.95
      2631.94
      2632.99
      2633.99
      2635.00
      2636.01
      2637.01
      2638.00
      2638.97
      2639.96
      2640.98
      2641.99
      2643.00
      2644.01
      2645.01
      2646.00
      2646.95
      2647.95
      2649.00
      2650.01
      2651.01
      2652.01
      2653.00
      2653.99
      2654.93
      2655.94
      2657.01
      2658.01
      2659.01
      2660.01
      2661.00
      2662.00
      2662.95
      2663.95
      2664.99
      2665.99
      2667.01
      2668.01
      2669.00
      2670.00
      2670.97
      2671.96
      2672.98
      2674.00
      2675.00
      2676.00
      2677.00
      2678.00
      2678.96
      2679.95
      2681.00
      2682.00
      2683.00
      2684.01
      2685.00
      2685.99
      2686.94
      2687.95
      2689.01
      2690.01
      2691.00
      2692.00
      2693.00
      2693.99
      2694.94
      2695.95
      2697.00
      2698.00
      2699.01
      2700.00
      2700.99
      2702.00
      2702.97
      2703.97
      2704.98
      2705.99
      2707.00
      2708.00
      2709.01
      2710.00
      2710.95
      2711.95
      2713.00
      2714.00
      2715.01
      2716.01
      2717.01
      2718.00
      2718.94
      2719.94
      2721.00
      2722.01
      2723.02
      2724.01
      2725.00
      2726.00
      2726.95
      2727.95
      2728.99
      2730.00
      2731.01
      2732.00
      2732.99
      2733.99
      2734.97
      2735.97
      2736.99
      2738.00
      2739.00
      2740.00
      2741.01
      2742.01
      2742.95
      2743.94
      2744.99
      2746.01
      2747.01
      2748.01
      2749.01
      2750.00
      2750.94
      2751.94
      2753.00
      2754.01
      2755.01
      2756.01
      2757.01
      2758.00
      2758.96
      2759.95
      2760.99
      2762.00
      2763.00
      2764.00
      2765.01
      2766.00
      2766.97
      2767.96
      2768.98
      2769.99
      2771.00
      2772.00
      2773.00
      2774.00
      2774.96
      2775.95
      2777.00
      2778.00
      2779.01
      2780.01
      2781.01
      2782.00
      2782.94
      2783.94
      2785.00
      2786.00
      2787.01
      2788.01
      2789.00
      2790.01
      2790.96
      2791.95
      2792.99
      2794.00
      2795.01
      2796.00
      2797.00
      2798.00
      2798.97
      2799.96
      2800.99
      2802.00
      2803.00
      2804.00
      2805.01
      2806.01
      2806.95
      2807.94
      2808.99
      2810.01
      2811.02
      2812.03
      2813.03
      2814.02
      2814.87
      2815.88
      2817.05
      2818.04
      2819.03
      2820.02
      2821.00
      2821.99
      2822.94
      2823.94
      2825.00
      2826.00
      2827.00
      2828.01
      2829.01
      2830.00
      2830.97
      2831.96
      2832.98
      2833.99
      2835.00
      2836.01
      2837.01
      2838.00
      2838.95
      2839.95
      2841.00
      2842.00
      2843.01
      2844.02
      2845.00
      2845.99
      2846.94
      2847.96
      2849.00
      2850.00
      2851.01
      2852.01
      2853.01
      2854.00
      2854.95
      2855.95
      2857.00
      2858.00
      2859.00
      2860.00
      2861.00
      2861.99
      2862.97
      2863.97
      2864.99
      2865.99
      2867.01
      2868.02
      2869.00
      2869.99
      2870.95
      2871.96
      2873.01
      2874.00
      2875.01
      2876.02
      2877.00
      2878.00
      2878.94
      2879.94
      2881.01
      2882.01
      2883.01
      2884.01
      2885.00
      2886.00
      2886.96
      2887.96
      2889.00
      2890.00
      2891.00
      2892.01
      2893.00
      2893.99
      2894.97
      2895.97
      2896.99
      2898.00
      2899.01
      2900.00
      2900.99
      2901.99
      2902.96
      2903.96
      2905.00
      2906.01
      2907.02
      2908.01
      2909.00
      2909.99
      2910.94
      2911.95
      2913.01
      2914.01
      2915.01
      2916.01
      2917.00
      2917.99
      2918.96
      2919.96
      2920.99
      2921.99
      2923.00
      2924.01
      2925.01
      2926.00
      2926.98
      2927.97
      2928.98
      2929.98
      2931.00
      2932.01
      2933.01
      2934.01
      2934.96
      2935.95
      2937.00
      2938.00
      2939.01
      2940.01
      2941.00
      2941.99
      2942.94
      2943.95
      2945.01
      2946.00
      2947.01
      2948.02
      2949.01
      2949.99
      2950.95
      2951.95
      2952.99
      2954.00
      2955.01
      2956.01
      2957.00
      2957.99
      2958.97
      2959.96
      2960.98
      2961.99
      2963.01
      2964.02
      2965.01
      2966.00
      2966.95
      2967.95
      2969.00
      2970.01
      2971.02
      2972.02
      2973.01
      2973.99
      2974.93
      2975.94
      2977.01
      2978.01
      2979.02
      2980.02
      2981.00
      2981.99
      2982.95
      2983.95
      2985.00
      2986.00
      2987.00
      2988.01
      2989.01
      2989.99
      2990.97
      2991.97
      2992.99
      2994.00
      2995.01
      2996.01
      2997.00
      2998.00
      2998.95
      2999.95
      3001.00
      3002.00
      3003.01
      3004.02
      3005.02
      3006.00
      3006.92
      3007.94
      3009.01
      3010.01
      3011.01
      3012.01
      3013.01
      3014.00
      3014.95
      3015.95
      3017.00
      3018.00
      3019.01
      3020.00
      3021.00
      3022.00
      3022.98
      3023.97
      3024.99
      3025.99
      3027.00
      3028.01
      3029.00
      3030.00
      3030.96
      3031.96
      3033.01
      3034.00
      3035.01
      3036.02
      3037.01
      3038.00
      3038.93
      3039.94
      3041.02
      3042.01
      3043.01
      3044.01
      3045.00
      3046.00
      3046.95
      3047.95
      3048.99
      3050.00
      3051.01
      3052.02
      3053.02
      3054.01
      3054.98
      3055.96
      3056.96
      3057.96
      3058.97
      3059.98
      3061.01
      3062.05
      3063.03
      3064.05
      3065.10
      3066.06
      3066.98
      3067.86
      3068.71
      3069.57
      3071.34
      3072.79
      3073.08
      3073.66
      3074.63
      3075.77
      3076.88
      3077.97
      3078.99
      3080.01
      3081.03
      3082.01
      3082.98
      3083.96
      3084.94
      3085.92
      3086.92
      3087.94
      3088.96
      3089.97
      3090.99
      3091.99
      3092.97
      3093.97
      3094.93
      3095.93
      3096.97
      3097.98
      3098.98
      3099.98
      3100.97
      3101.96
      3102.90
      3103.92
      3104.99
      3105.99
      3106.99
      3107.99
      3108.97
      3109.95
      3110.92
      3111.92
      3112.97
      3113.98
      3114.98
      3115.98
      3116.97
      3117.96
      3118.94
      3119.94
      3120.95
      3121.96
      3122.98
      3123.99
      3124.98
      3125.97
      3126.92
      3127.92
      3128.96
      3129.97
      3130.99
      3131.99
      3132.98
      3133.96
      3134.90
      3135.92
      3136.98
      3137.98
      3138.98
      3139.98
      3140.97
      3141.96
      3142.92
      3143.92
      3144.97
      3145.98
      3146.99
      3147.99
      3148.97
      3149.95
      3150.94
      3151.94
      3152.95
      3153.96
      3154.99
      3156.00
      3156.98
      3157.96
      3158.92
      3159.92
      3160.96
      3161.97
      3162.98
      3163.99
      3164.98
      3165.98
      3166.90
      3167.90
      3168.98
      3169.98
      3170.99
      3171.99
      3172.97
      3173.97
      3174.93
      3175.92
      3176.96
      3177.96
      3178.97
      3179.98
      3180.98
      3181.97
      3182.95
      3183.94
      3184.95
      3185.95
      3186.97
      3187.98
      3188.98
      3189.98
      3190.93
      3191.93
      3192.97
      3193.97
      3194.98
      3195.98
      3196.96
      3197.95
      3198.93
      3199.94
      3200.98
      3201.97
      3202.98
      3203.98
      3204.97
      3205.96
      3206.92
      3207.93
      3208.98
      3209.97
      3210.97
      3211.97
      3212.97
      3213.96
      3214.94
      3215.95
      3216.96
      3217.96
      3218.97
      3219.98
      3220.97
      3221.97
      3222.92
      3223.93
      3224.97
      3225.97
      3226.98
      3227.99
      3228.99
      3229.98
      3230.89
      3231.90
      3232.98
      3233.98
      3234.99
      3236.00
      3236.98
      3237.96
      3238.91
      3239.92
      3240.97
      3241.97
      3242.98
      3243.99
      3244.97
      3245.96
      3246.94
      3247.94
      3248.96
      3249.96
      3250.98
      3251.99
      3252.98
      3253.97
      3254.92
      3255.92
      3256.97
      3257.97
      3258.98
      3259.99
      3260.98
      3261.97
      3262.91
      3263.91
      3264.97
      3265.97
      3266.99
      3268.00
      3268.98
      3269.97
      3270.92
      3271.93
      3272.96
      3273.96
      3274.98
      3275.98
      3276.98
      3277.97
      3278.95
      3279.95
      3280.96
      3281.95
      3282.97
      3283.99
      3284.98
      3285.97
      3286.93
      3287.92
      3288.96
      3289.97
      3290.99
      3292.00
      3292.98
      3293.97
      3294.89
      3295.90
      3296.99
      3297.99
      3299.00
      3299.98
      3300.97
      3301.96
      3302.92
      3303.93
      3304.97
      3305.97
      3306.98
      3307.98
      3308.98
      3309.97
      3310.94
      3311.94
      3312.96
      3313.97
      3314.98
      3315.98
      3316.98
      3317.97
      3318.93
      3319.92
      3320.96
      3321.97
      3322.99
      3324.01
      3325.01
      3326.01
      3326.84
      3327.85
      3329.02
      3330.00
      3330.99
      3331.98
      3332.98
      3333.97
      3334.91
      3335.91
      3336.97
      3337.97
      3338.98
      3339.98
      3340.97
      3341.97
      3342.94
      3343.94
      3344.96
      3345.96
      3346.98
      3347.99
      3348.98
      3349.97
      3350.91
      3351.92
      3352.98
      3353.98
      3354.99
      3355.99
      3356.98
      3357.97
      3358.90
      3359.91
      3360.99
      3361.98
      3362.98
      3363.99
      3364.98
      3365.97
      3366.92
      3367.93
      3368.98
      3369.97
      3370.97
      3371.98
      3372.97
      3373.97
      3374.95
      3375.94
      3376.96
      3377.96
      3378.97
      3379.98
      3380.98
      3381.97
      3382.92
      3383.93
      3384.97
      3385.97
      3386.98
      3387.99
      3388.99
      3389.98
      3390.91
      3391.91
      3392.98
      3393.98
      3394.99
      3395.98
      3396.97
      3397.97
      3398.93
      3399.93
      3400.97
      3401.98
      3402.98
      3403.98
      3404.97
      3405.96
      3406.94
      3407.94
      3408.97
      3409.97
      3410.97
      3411.97
      3412.97
      3413.98
      3414.93
      3415.93
      3416.98
      3417.98
      3418.98
      3419.98
      3420.99
      3421.98
      3422.90
      3423.90
      3424.98
      3425.99
      3426.99
      3427.99
      3428.98
      3429.97
      3430.92
      3431.92
      3432.97
      3433.98
      3434.97
      3435.97
      3436.97
      3437.97
      3438.95
      3439.95
      3440.96
      3441.96
      3442.97
      3443.98
      3444.97
      3445.98
      3446.94
      3447.93
      3448.98
      3449.98
      3450.98
      3451.98
      3452.97
      3453.96
      3454.92
      3455.94
      3456.99
      3457.98
      3458.97
      3459.97
      3460.97
      3461.97
      3462.94
      3463.93
      3464.98
      3465.98
      3466.97
      3467.97
      3468.97
      3469.96
      3470.94
      3471.95
      3472.97
      3473.97
      3474.98
      3475.98
      3476.97
      3477.97
      3478.92
      3479.93
      3480.98
      3481.98
      3482.98
      3483.99
      3484.99
      3485.97
      3486.90
      3487.91
      3488.98
      3489.98
      3490.98
      3491.99
      3492.98
      3493.97
      3494.93
      3495.93
      3496.97
      3497.97
      3498.98
      3499.98
      3500.98
      3501.97
      3502.94
      3503.94
      3504.96
      3505.97
      3506.98
      3507.98
      3508.98
      3509.97
      3510.92
      3511.93
      3512.98
      3513.98
      3514.98
      3515.99
      3516.99
      3517.98
      3518.89
      3519.91
      3521.00
      3521.98
      3522.98
      3523.98
      3524.98
      3525.97
      3526.93
      3527.93
      3528.98
      3529.98
      3530.97
      3531.98
      3532.97
      3533.97
      3534.95
      3535.95
      3536.96
      3537.97
      3538.98
      3539.98
      3540.97
      3541.97
      3542.94
      3543.94
      3544.98
      3545.98
      3546.97
      3547.98
      3548.99
      3549.98
      3550.90
      3551.91
      3552.99
      3553.99
      3554.99
      3555.98
      3556.97
      3557.96
      3558.93
      3559.93
      3560.98
      3561.98
      3562.98
      3563.97
      3564.98
      3565.98
      3566.95
      3567.94
      3568.96
      3569.96
      3570.97
      3571.98
      3572.98
      3573.98
      3574.94
      3575.93
      3576.98
      3577.98
      3578.98
      3579.97
      3580.97
      3581.93
      3582.92
      3583.98
      3585.00
      3585.98
      3586.96
      3587.97
      3588.97
      3589.97
      3590.93
      3591.93
      3592.98
      3593.99
      3594.98
      3595.97
      3596.98
      3597.97
      3598.94
      3599.94
      3600.97
      3601.98
      3602.98
      3603.98
      3604.97
      3605.97
      3606.93
      3607.93
      3608.98
      3609.99
      3610.98
      3611.98
      3612.98
      3613.97
      3614.90
      3615.92
      3617.00
      3618.00
      3618.99
      3619.98
      3620.97
      3621.97
      3622.92
      3623.92
      3624.97
      3625.98
      3626.98
      3627.98
      3628.98
      3629.97
      3630.94
      3631.94
      3632.96
      3633.98
      3634.98
      3635.99
      3636.98
      3637.97
      3638.92
      3639.93
      3640.98
      3641.99
      3642.99
      3643.98
      3644.98
      3645.97
      3646.90
      3647.92
      3648.99
      3649.99
      3650.98
      3651.98
      3652.98
      3653.97
      3654.92
      3655.93
      3656.98
      3657.98
      3658.99
      3659.98
      3660.98
      3661.97
      3662.94
      3663.93
      3664.97
      3665.98
      3666.98
      3667.99
      3668.99
      3669.97
      3670.92
      3671.92
      3672.98
      3673.98
      3674.99
      3675.99
      3676.99
      3677.97
      3678.90
      3679.91
      3680.99
      3681.99
      3682.98
      3683.97
      3684.97
      3685.98
      3686.94
      3687.94
      3688.97
      3689.97
      3690.97
      3691.97
      3692.98
      3693.98
      3694.95
      3695.95
      3696.97
      3697.97
      3698.97
      3699.97
      3700.97
      3701.98
      3702.94
      3703.94
      3704.98
      3705.99
      3706.98
      3707.98
      3708.98
      3709.96
      3710.91
      3711.94
      3713.00
      3713.98
      3714.98
      3715.98
      3716.98
      3717.97
      3718.92
      3719.93
      3720.98
      3721.98
      3722.97
      3723.98
      3724.98
      3725.97
      3726.94
      3727.94
      3728.97
      3729.98
      3730.98
      3731.97
      3732.97
      3733.97
      3734.93
      3735.94
      3736.98
      3737.98
      3738.98
      3739.99
      3740.99
      3741.98
      3742.90
      3743.91
      3744.99
      3745.99
      3746.98
      3747.98
      3748.99
      3749.98
      3750.93
      3751.93
      3752.97
      3753.98
      3754.97
      3755.97
      3756.98
      3757.98
      3758.95
      3759.95
      3760.98
      3761.98
      3762.96
      3763.96
      3764.98
      3765.98
      3766.94
      3767.94
      3768.98
      3769.98
      3770.98
      3771.98
      3772.98
      3773.98
      3774.91
      3775.93
      3777.00
      3777.99
      3778.98
      3779.97
      3780.98
      3781.97
      3782.93
      3783.93
      3784.98
      3785.98
      3786.97
      3787.98
      3788.99
      3789.97
      3790.93
      3791.94
      3792.98
      3793.98
      3794.97
      3795.98
      3796.98
      3797.97
      3798.92
      3799.93
      3800.99
      3801.99
      3802.98
      3803.98
      3804.99
      3805.97
      3806.90
      3807.92
      3809.00
      3810.00
      3810.98
      3811.97
      3812.98
      3813.98
      3814.94
      3815.92
      3816.96
      3817.98
      3818.98
      3819.98
      3820.98
      3821.98
      3822.95
      3823.94
      3824.97
      3825.97
      3826.97
      3827.97
      3828.98
      3829.98
      3830.94
      3831.93
      3832.98
      3833.98
      3834.98
      3835.99
      3837.01
      3838.01
      3838.85
      3839.87
      3841.03
      3842.01
      3842.99
      3843.99
      3844.98
      3845.97
      3846.93
      3847.93
      3848.96
      3849.97
      3850.97
      3851.98
      3852.99
      3853.98
      3854.94
      3855.94
      3856.97
      3857.98
      3858.98
      3859.97
      3860.97
      3861.97
      3862.93
      3863.93
      3864.98
      3865.99
      3866.98
      3867.98
      3868.99
      3869.97
      3870.91
      3871.93
      3872.99
      3873.99
      3874.98
      3875.97
      3876.98
      3877.97
      3878.94
      3879.94
      3880.97
      3881.98
      3882.97
      3883.97
      3884.98
      3885.97
      3886.95
      3887.95
      3888.98
      3889.98
      3890.96
      3891.96
      3892.98
      3893.98
      3894.94
      3895.94
      3896.98
      3897.98
      3898.97
      3899.98
      3900.99
      3901.98
      3902.91
      3903.91
      3904.99
      3905.99
      3906.98
      3907.99
      3908.99
      3909.97
      3910.93
      3911.93
      3912.97
      3913.98
      3914.98
      3915.98
      3916.98
      3917.98
      3918.95
      3919.94
      3920.96
      3921.97
      3922.97
      3923.97
      3924.99
      3925.98
      3926.94
      3927.93
      3928.97
      3929.98
      3930.98
      3931.98
      3932.98
      3933.97
      3934.92
      3935.93
      3936.99
      3937.99
      3938.97
      3939.97
      3940.98
      3941.98
      3942.94
      3943.94
      3944.97
      3945.97
      3946.97
      3947.97
      3948.98
      3949.98
      3950.95
      3951.95
      3952.97
      3953.98
      3954.96
      3955.97
      3956.98
      3957.97
      3958.94
      3959.94
      3960.98
      3961.99
      3962.98
      3963.98
      3964.98
      3965.97
      3966.90
      3967.92
      3969.01
      3970.01
      3970.98
      3971.97
      3972.98
      3973.97
      3974.93
      3975.92
      3976.97
      3977.98
      3978.98
      3979.99
      3980.99
      3981.97
      3982.93
      3983.94
      3984.98
      3985.98
      3986.97
      3987.97
      3988.97
      3989.97
      3990.95
      3991.95
      3992.98
      3993.98
      3994.97
      3995.97
      3996.99
      3997.97
      3998.92
      3999.93
      4000.99
      4002.00
      4002.98
      4003.98
      4004.99
      4005.97
      4006.93
      4007.93
      4008.97
      4009.98
      4010.97
      4011.98
      4012.99
      4013.98
      4014.95
      4015.94
      4016.97
      4017.97
      4018.96
      4019.97
      4020.98
      4021.98
      4022.94
      4023.94
      4024.98
      4025.99
      4026.99
      4027.98
      4028.98
      4029.97
      4030.90
      4031.91
      4033.00
      4034.00
      4034.98
      4035.98
      4036.99
      4037.97
      4038.93
      4039.93
      4040.96
      4041.97
      4042.97
      4043.97
      4044.99
      4045.98
      4046.95
      4047.95
      4048.97
      4049.97
      4050.96
      4051.96
      4052.98
      4053.98
      4054.94
      4055.94
      4056.98
      4057.98
      4058.97
      4059.97
      4060.99
      4061.98
      4062.92
      4063.93
      4064.99
      4065.98
      4066.97
      4067.97
      4068.98
      4069.98
      4070.95
      4071.95
      4072.97
      4073.97
      4074.96
      4075.96
      4076.98
      4077.99
      4078.96
      4079.95
      4080.98
      4081.98
      4082.96
      4083.96
      4084.97
      4085.98
      4086.95
      4087.95
      4088.98
      4089.99
      4090.98
      4091.97
      4092.96
      4093.95
      4094.96
