PDS_VERSION_ID         = PDS3
RECORD_TYPE            = STREAM
OBJECT                 = TEXT
  PUBLICATION_DATE     = 2019-04-02
  INTERCHANGE_FORMAT   = ASCII
  NOTE                 = "File contaning bitweight corrrection for WAC, gain 
                         state 2, and temperature -10 degrees Celsius derived 
                         during ground calibration."
END_OBJECT             = TEXT
END

\begindata
      0.00000
      1.00000
      2.00000
      3.00000
      4.00000
      5.00000
      6.00000
      7.00000
      8.00000
      9.00000
      10.0000
      11.0000
      12.0000
      13.0000
      14.0000
      15.0000
      16.0000
      17.0000
      18.0000
      19.0000
      20.0000
      21.0000
      22.0000
      23.0000
      24.0000
      25.0000
      26.0000
      27.0000
      28.0000
      29.0000
      30.0000
      31.0000
      32.0000
      33.0000
      34.0000
      35.0000
      36.0000
      37.0000
      38.0000
      39.0000
      40.0000
      41.0000
      42.0000
      43.0000
      44.0000
      45.0000
      46.0000
      47.0000
      48.0000
      49.0000
      50.0000
      51.0000
      52.0000
      53.0000
      54.0000
      55.0000
      56.0000
      57.0000
      58.0000
      59.0000
      60.0000
      61.0000
      62.0000
      63.0000
      64.0000
      65.0000
      66.0000
      67.0000
      68.0000
      69.0000
      70.0000
      71.0000
      72.0000
      73.0000
      74.0000
      75.0000
      76.0000
      77.0000
      78.0000
      79.0000
      80.0000
      81.0000
      82.0000
      83.0000
      84.0000
      85.0000
      86.0000
      87.0000
      88.0000
      89.0000
      90.0000
      91.0000
      92.0000
      93.0000
      94.0000
      95.0000
      96.0000
      97.0000
      98.0000
      99.0000
      100.000
      101.000
      102.000
      103.000
      104.000
      105.000
      106.000
      107.000
      108.000
      109.000
      110.000
      111.000
      112.000
      113.000
      114.000
      115.000
      116.000
      117.000
      118.000
      119.000
      120.000
      121.000
      122.000
      123.000
      124.000
      125.000
      126.000
      127.000
      128.000
      129.000
      130.000
      131.000
      132.000
      133.000
      134.000
      135.000
      136.000
      137.000
      138.000
      139.000
      140.000
      141.000
      142.000
      143.000
      144.000
      145.000
      146.000
      147.000
      148.000
      149.000
      150.000
      151.020
      152.010
      153.000
      154.020
      155.050
      156.060
      157.040
      158.030
      158.970
      159.960
      161.040
      162.050
      163.060
      164.050
      165.010
      166.010
      167.010
      168.010
      169.000
      170.010
      171.050
      172.060
      173.030
      174.040
      175.000
      175.990
      177.010
      178.020
      179.060
      180.060
      181.020
      182.010
      183.030
      184.020
      185.000
      186.020
      187.050
      188.050
      189.020
      190.010
      191.000
      192.010
      193.030
      194.040
      195.020
      196.020
      197.030
      198.020
      199.010
      200.010
      201.010
      202.020
      203.020
      204.040
      205.040
      206.040
      207.010
      208.000
      209.020
      210.020
      211.030
      212.040
      213.020
      214.010
      215.030
      216.020
      216.990
      218.010
      219.040
      220.050
      221.040
      222.050
      223.000
      223.970
      225.010
      226.020
      227.050
      228.060
      229.030
      230.020
      231.030
      232.010
      232.980
      234.000
      235.050
      236.070
      237.050
      238.040
      239.000
      239.990
      240.990
      242.010
      243.070
      244.070
      245.020
      246.010
      247.020
      248.020
      249.000
      250.020
      251.050
      252.060
      253.040
      254.020
      255.000
      256.010
      257.030
      258.040
      259.020
      260.020
      261.050
      262.040
      263.010
      264.010
      265.020
      266.020
      267.010
      268.020
      269.050
      270.040
      271.010
      272.000
      273.030
      274.030
      275.020
      276.030
      277.030
      278.020
      279.010
      280.020
      281.010
      282.020
      283.040
      284.050
      285.040
      286.030
      286.990
      287.990
      289.030
      290.030
      291.040
      292.040
      293.040
      294.030
      295.020
      296.000
      297.000
      298.010
      299.040
      300.060
      301.050
      302.040
      303.010
      303.990
      305.010
      306.020
      307.050
      308.050
      309.020
      310.010
      311.030
      312.030
      313.020
      314.020
      315.040
      316.050
      317.030
      318.010
      318.990
      320.010
      321.040
      322.050
      323.030
      324.030
      325.040
      326.030
      327.010
      327.990
      329.010
      330.040
      331.040
      332.050
      333.040
      334.020
      335.010
      336.010
      337.020
      338.030
      339.040
      340.040
      341.020
      342.020
      343.020
      344.020
      345.010
      346.020
      347.040
      348.050
      349.040
      350.040
      350.990
      351.990
      353.030
      354.030
      355.040
      356.050
      357.030
      358.020
      359.030
      360.020
      360.990
      362.010
      363.040
      364.060
      365.040
      366.040
      367.010
      368.000
      369.010
      370.020
      371.050
      372.050
      373.020
      374.020
      375.030
      376.020
      377.010
      378.020
      379.050
      380.060
      381.030
      382.000
      382.980
      384.010
      385.050
      386.050
      387.040
      388.030
      389.030
      390.020
      391.010
      392.000
      393.020
      394.020
      395.030
      396.040
      397.050
      398.040
      399.020
      399.990
      401.000
      402.020
      403.040
      404.040
      405.030
      406.020
      407.020
      408.020
      409.000
      410.010
      411.050
      412.060
      413.040
      414.030
      414.980
      415.980
      417.030
      418.040
      419.060
      420.060
      421.020
      422.010
      423.020
      424.010
      425.000
      426.010
      427.050
      428.060
      429.040
      430.050
      431.020
      431.990
      433.000
      434.020
      435.060
      436.060
      437.020
      438.000
      439.020
      440.020
      441.010
      442.030
      443.060
      444.060
      445.020
      446.000
      446.990
      448.020
      449.040
      450.040
      451.040
      452.030
      453.020
      454.020
      455.020
      456.020
      457.020
      458.030
      459.040
      460.030
      461.030
      462.030
      463.020
      464.000
      465.010
      466.030
      467.050
      468.050
      469.030
      470.020
      471.020
      472.010
      473.000
      474.020
      475.050
      476.060
      477.040
      478.040
      479.000
      479.980
      481.020
      482.020
      483.050
      484.060
      485.040
      486.030
      487.030
      488.000
      488.980
      490.000
      491.060
      492.080
      493.050
      494.040
      495.010
      496.000
      497.000
      498.010
      499.060
      500.060
      501.020
      502.020
      503.040
      504.040
      505.020
      506.030
      507.040
      508.030
      508.990
      509.960
      511.080
      512.100
      513.000
      514.010
      515.020
      516.020
      517.030
      518.030
      519.010
      520.010
      521.020
      522.030
      523.040
      524.040
      525.050
      526.030
      527.000
      527.990
      529.030
      530.030
      531.030
      532.040
      533.030
      534.030
      535.020
      536.010
      537.010
      538.020
      539.040
      540.040
      541.040
      542.040
      543.000
      543.990
      545.030
      546.030
      547.040
      548.040
      549.030
      550.020
      551.020
      552.010
      553.000
      554.010
      555.040
      556.060
      557.050
      558.050
      559.000
      559.990
      561.020
      562.020
      563.050
      564.060
      565.040
      566.020
      567.010
      568.020
      569.020
      570.030
      571.050
      572.050
      573.030
      574.010
      575.000
      576.020
      577.030
      578.040
      579.050
      580.040
      581.030
      582.020
      583.010
      584.010
      585.010
      586.020
      587.050
      588.050
      589.040
      590.040
      591.010
      592.000
      593.020
      594.020
      595.040
      596.050
      597.030
      598.020
      599.030
      600.020
      601.000
      602.020
      603.050
      604.060
      605.040
      606.040
      607.000
      607.990
      609.020
      610.030
      611.060
      612.060
      613.020
      614.010
      615.020
      616.020
      617.000
      618.020
      619.050
      620.060
      621.040
      622.040
      623.010
      624.000
      625.010
      626.020
      627.050
      628.060
      629.030
      630.020
      631.030
      632.010
      633.000
      634.020
      635.060
      636.060
      637.030
      638.010
      639.000
      640.020
      641.030
      642.030
      643.050
      644.050
      645.030
      646.030
      647.010
      648.000
      649.010
      650.020
      651.050
      652.060
      653.050
      654.040
      655.000
      655.980
      657.020
      658.040
      659.060
      660.050
      661.030
      662.020
      663.020
      664.010
      665.000
      666.020
      667.060
      668.070
      669.050
      670.030
      670.970
      671.970
      673.020
      674.040
      675.070
      676.070
      677.030
      678.020
      679.030
      680.010
      680.990
      682.000
      683.050
      684.070
      685.050
      686.040
      687.000
      687.990
      689.020
      690.020
      691.050
      692.060
      693.020
      694.020
      695.030
      696.020
      697.010
      698.030
      699.060
      700.070
      701.030
      702.000
      703.000
      704.020
      705.040
      706.030
      707.050
      708.040
      709.020
      710.020
      711.020
      712.020
      713.010
      714.010
      715.050
      716.060
      717.040
      718.040
      719.010
      720.000
      721.010
      722.010
      723.050
      724.060
      725.030
      726.020
      727.030
      728.020
      729.000
      730.010
      731.050
      732.060
      733.040
      734.040
      735.000
      735.990
      737.030
      738.030
      739.060
      740.060
      741.020
      742.010
      743.030
      744.020
      745.000
      746.010
      747.060
      748.060
      749.030
      750.040
      751.010
      752.000
      753.020
      754.020
      755.060
      756.060
      757.020
      758.020
      759.030
      760.020
      761.010
      762.030
      763.070
      764.070
      765.020
      766.000
      767.000
      768.020
      769.040
      770.040
      771.050
      772.050
      773.030
      774.010
      775.010
      776.010
      777.010
      778.020
      779.050
      780.070
      781.050
      782.030
      783.000
      783.990
      785.020
      786.040
      787.050
      788.050
      789.030
      790.020
      791.010
      792.010
      793.010
      794.030
      795.050
      796.060
      797.050
      798.030
      798.990
      799.990
      801.030
      802.040
      803.060
      804.060
      805.040
      806.020
      807.020
      808.020
      809.000
      810.010
      811.050
      812.070
      813.050
      814.040
      815.010
      816.010
      817.020
      818.020
      819.050
      820.060
      821.030
      822.020
      823.030
      824.030
      825.010
      826.020
      827.050
      828.060
      829.040
      830.010
      830.990
      832.020
      833.050
      834.040
      835.040
      836.040
      837.030
      838.020
      839.030
      840.020
      841.010
      842.020
      843.050
      844.060
      845.040
      846.040
      847.010
      848.000
      849.020
      850.030
      851.070
      852.060
      853.020
      854.010
      855.020
      856.020
      857.010
      858.020
      859.060
      860.070
      861.040
      862.030
      862.990
      863.990
      865.030
      866.040
      867.060
      868.060
      869.030
      870.020
      871.030
      872.020
      873.000
      874.000
      875.050
      876.070
      877.050
      878.040
      879.010
      880.000
      881.020
      882.020
      883.050
      884.050
      885.020
      886.010
      887.020
      888.030
      889.030
      890.040
      891.060
      892.050
      893.020
      894.000
      894.990
      896.020
      897.050
      898.040
      899.050
      900.050
      901.030
      902.020
      903.010
      904.010
      905.010
      906.020
      907.050
      908.060
      909.050
      910.030
      911.010
      912.010
      913.020
      914.020
      915.050
      916.050
      917.040
      918.020
      919.010
      920.010
      921.020
      922.030
      923.060
      924.070
      925.040
      926.020
      926.980
      927.990
      929.030
      930.030
      931.060
      932.060
      933.030
      934.020
      935.020
      936.010
      937.000
      938.020
      939.060
      940.070
      941.030
      942.030
      943.010
      944.000
      945.020
      946.030
      947.060
      948.060
      949.020
      950.010
      951.020
      952.020
      953.020
      954.040
      955.070
      956.060
      957.020
      958.000
      959.000
      960.020
      961.040
      962.040
      963.050
      964.050
      965.030
      966.010
      967.010
      968.020
      969.020
      970.030
      971.060
      972.060
      973.040
      974.030
      975.000
      976.000
      977.020
      978.030
      979.060
      980.060
      981.020
      982.020
      983.030
      984.020
      985.010
      986.020
      987.050
      988.060
      989.040
      990.030
      990.990
      992.000
      993.050
      994.040
      995.050
      996.050
      997.020
      998.020
      999.030
      1000.02
      1001.00
      1002.02
      1003.05
      1004.06
      1005.05
      1006.04
      1007.00
      1008.00
      1009.03
      1010.03
      1011.07
      1012.07
      1013.02
      1014.00
      1015.00
      1016.00
      1017.00
      1018.02
      1019.09
      1020.14
      1021.15
      1022.15
      1022.72
      1023.75
      1025.16
      1026.13
      1027.11
      1028.07
      1029.02
      1029.99
      1030.99
      1032.00
      1033.00
      1034.01
      1035.04
      1036.06
      1037.05
      1038.04
      1039.01
      1040.01
      1041.02
      1042.02
      1043.05
      1044.05
      1045.03
      1046.02
      1047.02
      1048.01
      1049.01
      1050.01
      1051.05
      1052.07
      1053.05
      1054.03
      1054.98
      1055.98
      1057.04
      1058.04
      1059.06
      1060.05
      1061.02
      1062.01
      1063.02
      1064.02
      1065.01
      1066.02
      1067.06
      1068.07
      1069.04
      1070.03
      1071.00
      1071.99
      1073.02
      1074.03
      1075.06
      1076.06
      1077.02
      1078.01
      1079.02
      1080.02
      1081.00
      1082.02
      1083.06
      1084.06
      1085.04
      1086.02
      1086.99
      1088.01
      1089.03
      1090.03
      1091.06
      1092.05
      1093.03
      1094.02
      1095.02
      1096.00
      1097.00
      1098.01
      1099.06
      1100.07
      1101.04
      1102.03
      1103.00
      1104.00
      1105.02
      1106.02
      1107.06
      1108.06
      1109.03
      1110.02
      1111.02
      1112.02
      1113.01
      1114.02
      1115.06
      1116.07
      1117.03
      1118.03
      1118.99
      1119.99
      1121.03
      1122.03
      1123.06
      1124.06
      1125.02
      1126.01
      1127.03
      1128.02
      1128.99
      1130.01
      1131.06
      1132.07
      1133.04
      1134.03
      1135.01
      1136.00
      1137.01
      1138.03
      1139.06
      1140.06
      1141.02
      1142.02
      1143.03
      1144.02
      1145.01
      1146.03
      1147.07
      1148.06
      1149.01
      1149.99
      1151.00
      1152.04
      1153.05
      1154.04
      1155.05
      1156.05
      1157.02
      1158.01
      1159.02
      1160.01
      1161.01
      1162.02
      1163.07
      1164.06
      1165.03
      1166.03
      1167.01
      1168.01
      1169.02
      1170.02
      1171.06
      1172.06
      1173.03
      1174.01
      1175.02
      1176.01
      1177.01
      1178.02
      1179.07
      1180.07
      1181.03
      1182.02
      1182.99
      1183.99
      1185.03
      1186.03
      1187.07
      1188.06
      1189.02
      1190.02
      1191.02
      1192.01
      1193.00
      1194.02
      1195.06
      1196.07
      1197.04
      1198.03
      1199.00
      1200.00
      1201.03
      1202.03
      1203.05
      1204.06
      1205.02
      1206.01
      1207.03
      1208.02
      1209.01
      1210.03
      1211.07
      1212.06
      1213.03
      1214.01
      1214.98
      1216.01
      1217.05
      1218.04
      1219.06
      1220.05
      1221.02
      1222.01
      1223.03
      1224.02
      1225.00
      1226.01
      1227.05
      1228.06
      1229.04
      1230.04
      1231.01
      1232.00
      1233.01
      1234.01
      1235.06
      1236.06
      1237.02
      1238.02
      1239.03
      1240.03
      1241.01
      1242.01
      1243.06
      1244.06
      1245.03
      1246.03
      1246.99
      1247.99
      1249.03
      1250.03
      1251.08
      1252.06
      1253.01
      1254.01
      1255.03
      1256.02
      1257.00
      1258.01
      1259.06
      1260.07
      1261.04
      1262.04
      1263.02
      1264.01
      1265.01
      1266.02
      1267.06
      1268.06
      1269.02
      1270.01
      1271.03
      1272.03
      1273.01
      1274.02
      1275.07
      1276.08
      1277.04
      1278.02
      1278.96
      1279.97
      1281.06
      1282.05
      1283.08
      1284.07
      1285.02
      1286.00
      1287.01
      1288.01
      1289.01
      1290.02
      1291.06
      1292.07
      1293.04
      1294.03
      1295.01
      1296.01
      1297.02
      1298.02
      1299.07
      1300.07
      1301.01
      1302.00
      1303.02
      1304.03
      1305.01
      1306.01
      1307.07
      1308.08
      1309.03
      1310.02
      1310.98
      1311.99
      1313.04
      1314.04
      1315.07
      1316.07
      1317.02
      1318.00
      1319.02
      1320.03
      1321.00
      1322.01
      1323.06
      1324.07
      1325.03
      1326.03
      1327.02
      1328.02
      1329.02
      1330.01
      1331.06
      1332.06
      1333.02
      1334.01
      1335.03
      1336.02
      1337.01
      1338.02
      1339.08
      1340.09
      1341.03
      1342.00
      1342.97
      1344.00
      1345.04
      1346.04
      1347.07
      1348.07
      1349.02
      1350.01
      1351.02
      1352.01
      1353.00
      1354.01
      1355.06
      1356.07
      1357.03
      1358.03
      1359.02
      1360.02
      1361.01
      1362.00
      1363.05
      1364.07
      1365.02
      1366.02
      1367.03
      1368.03
      1369.01
      1370.01
      1371.06
      1372.07
      1373.02
      1374.02
      1374.99
      1376.00
      1377.04
      1378.03
      1379.08
      1380.07
      1381.01
      1382.00
      1383.03
      1384.03
      1385.01
      1386.01
      1387.06
      1388.07
      1389.03
      1390.03
      1391.01
      1392.01
      1393.02
      1394.02
      1395.06
      1396.05
      1397.01
      1398.01
      1399.04
      1400.04
      1401.02
      1402.02
      1403.07
      1404.06
      1405.01
      1405.99
      1407.01
      1408.04
      1409.05
      1410.03
      1411.06
      1412.06
      1413.01
      1414.00
      1415.03
      1416.02
      1417.01
      1418.02
      1419.06
      1420.07
      1421.04
      1422.03
      1423.01
      1424.01
      1425.02
      1426.02
      1427.06
      1428.07
      1429.03
      1430.02
      1431.03
      1432.02
      1433.00
      1434.02
      1435.06
      1436.08
      1437.03
      1438.03
      1438.99
      1440.00
      1441.04
      1442.02
      1443.06
      1444.07
      1445.03
      1446.01
      1447.02
      1448.02
      1449.01
      1450.01
      1451.06
      1452.06
      1453.03
      1454.04
      1455.02
      1456.00
      1457.02
      1458.02
      1459.06
      1460.07
      1461.02
      1462.00
      1463.02
      1464.03
      1465.02
      1466.03
      1467.07
      1468.08
      1469.03
      1470.00
      1470.98
      1472.01
      1473.05
      1474.04
      1475.07
      1476.06
      1477.01
      1478.00
      1479.03
      1480.02
      1481.00
      1482.01
      1483.06
      1484.08
      1485.03
      1486.03
      1487.01
      1488.01
      1489.02
      1490.02
      1491.07
      1492.07
      1493.02
      1494.01
      1495.03
      1496.03
      1497.00
      1498.01
      1499.07
      1500.08
      1501.03
      1502.03
      1502.99
      1504.00
      1505.03
      1506.03
      1507.07
      1508.07
      1509.02
      1510.00
      1511.02
      1512.03
      1513.01
      1514.02
      1515.07
      1516.08
      1517.03
      1518.03
      1519.01
      1520.00
      1521.02
      1522.02
      1523.06
      1524.06
      1525.02
      1526.02
      1527.05
      1528.05
      1529.03
      1530.02
      1531.06
      1532.04
      1532.95
      1533.90
      1535.12
      1536.19
      1537.01
      1538.00
      1539.02
      1540.03
      1541.00
      1542.00
      1543.02
      1544.04
      1545.03
      1546.03
      1547.06
      1548.06
      1549.03
      1550.01
      1551.00
      1552.00
      1553.03
      1554.03
      1555.06
      1556.06
      1557.02
      1558.01
      1559.02
      1560.02
      1561.01
      1562.02
      1563.07
      1564.08
      1565.03
      1566.02
      1566.99
      1568.00
      1569.04
      1570.03
      1571.06
      1572.06
      1573.03
      1574.02
      1575.03
      1576.02
      1577.00
      1578.01
      1579.07
      1580.08
      1581.04
      1582.02
      1583.00
      1584.00
      1585.03
      1586.03
      1587.07
      1588.06
      1589.02
      1590.01
      1591.02
      1592.02
      1593.01
      1594.02
      1595.07
      1596.08
      1597.03
      1598.01
      1598.98
      1600.01
      1601.04
      1602.04
      1603.07
      1604.06
      1605.02
      1606.02
      1607.03
      1608.02
      1609.00
      1610.00
      1611.06
      1612.08
      1613.04
      1614.03
      1615.01
      1616.00
      1617.02
      1618.03
      1619.06
      1620.06
      1621.02
      1622.02
      1623.03
      1624.03
      1625.00
      1626.01
      1627.06
      1628.08
      1629.03
      1630.02
      1631.00
      1632.01
      1633.04
      1634.03
      1635.06
      1636.06
      1637.01
      1638.01
      1639.04
      1640.03
      1641.00
      1642.01
      1643.06
      1644.07
      1645.04
      1646.04
      1647.01
      1648.00
      1649.02
      1650.02
      1651.07
      1652.07
      1653.02
      1654.01
      1655.02
      1656.03
      1657.01
      1658.02
      1659.07
      1660.07
      1661.02
      1662.00
      1662.99
      1664.03
      1665.05
      1666.03
      1667.06
      1668.06
      1669.02
      1670.01
      1671.02
      1672.02
      1673.01
      1674.02
      1675.06
      1676.07
      1677.03
      1678.03
      1679.01
      1680.01
      1681.03
      1682.02
      1683.06
      1684.06
      1685.02
      1686.01
      1687.03
      1688.03
      1689.01
      1690.02
      1691.07
      1692.08
      1693.03
      1694.02
      1694.99
      1696.00
      1697.04
      1698.04
      1699.07
      1700.06
      1701.02
      1702.01
      1703.02
      1704.02
      1705.01
      1706.02
      1707.07
      1708.07
      1709.04
      1710.03
      1711.00
      1712.00
      1713.03
      1714.03
      1715.06
      1716.06
      1717.02
      1718.02
      1719.03
      1720.02
      1721.01
      1722.02
      1723.07
      1724.08
      1725.03
      1726.01
      1726.98
      1728.02
      1729.04
      1730.04
      1731.07
      1732.07
      1733.01
      1734.00
      1735.03
      1736.03
      1737.00
      1738.01
      1739.06
      1740.07
      1741.04
      1742.03
      1743.00
      1744.00
      1745.02
      1746.03
      1747.07
      1748.07
      1749.02
      1750.01
      1751.03
      1752.03
      1753.01
      1754.01
      1755.06
      1756.08
      1757.03
      1758.02
      1759.00
      1760.01
      1761.04
      1762.03
      1763.06
      1764.06
      1765.02
      1766.01
      1767.03
      1768.03
      1769.00
      1770.01
      1771.07
      1772.08
      1773.04
      1774.03
      1775.01
      1776.00
      1777.02
      1778.03
      1779.07
      1780.06
      1781.02
      1782.01
      1783.04
      1784.03
      1785.01
      1786.02
      1787.08
      1788.08
      1789.02
      1790.00
      1790.97
      1792.02
      1793.06
      1794.04
      1795.07
      1796.07
      1797.02
      1798.00
      1799.02
      1800.03
      1801.01
      1802.01
      1803.06
      1804.07
      1805.03
      1806.03
      1807.02
      1808.01
      1809.02
      1810.01
      1811.07
      1812.07
      1813.01
      1814.00
      1815.04
      1816.04
      1817.00
      1818.01
      1819.08
      1820.09
      1821.03
      1822.02
      1822.99
      1824.00
      1825.02
      1826.02
      1827.08
      1828.08
      1829.02
      1830.00
      1831.03
      1832.03
      1833.00
      1834.00
      1835.07
      1836.08
      1837.03
      1838.03
      1839.01
      1840.01
      1841.02
      1842.02
      1843.08
      1844.07
      1845.00
      1846.00
      1847.04
      1848.04
      1849.01
      1850.01
      1851.09
      1852.09
      1853.03
      1854.01
      1854.97
      1856.00
      1857.05
      1858.04
      1859.08
      1860.08
      1861.02
      1862.00
      1863.03
      1864.02
      1864.99
      1866.00
      1867.08
      1868.09
      1869.03
      1870.03
      1871.01
      1872.01
      1873.01
      1874.01
      1875.08
      1876.08
      1877.01
      1878.00
      1879.03
      1880.03
      1881.00
      1882.01
      1883.08
      1884.09
      1885.03
      1886.02
      1886.99
      1888.00
      1889.02
      1890.02
      1891.09
      1892.09
      1893.01
      1893.99
      1895.03
      1896.03
      1896.99
      1898.00
      1899.08
      1900.09
      1901.03
      1902.02
      1903.02
      1904.01
      1905.01
      1906.01
      1907.08
      1908.08
      1909.02
      1910.00
      1911.03
      1912.03
      1913.00
      1914.01
      1915.08
      1916.09
      1917.02
      1917.99
      1919.00
      1920.04
      1921.04
      1922.02
      1923.08
      1924.08
      1925.01
      1926.00
      1927.03
      1928.03
      1929.00
      1930.01
      1931.08
      1932.09
      1933.03
      1934.02
      1935.01
      1936.00
      1937.01
      1938.02
      1939.08
      1940.08
      1941.02
      1942.00
      1943.03
      1944.03
      1945.00
      1946.00
      1947.08
      1948.10
      1949.04
      1950.02
      1950.99
      1951.99
      1953.02
      1954.03
      1955.09
      1956.09
      1957.02
      1958.00
      1959.03
      1960.03
      1961.00
      1962.01
      1963.07
      1964.08
      1965.04
      1966.03
      1967.02
      1968.01
      1969.01
      1970.02
      1971.08
      1972.07
      1973.02
      1974.01
      1975.04
      1976.03
      1977.01
      1978.02
      1979.08
      1980.09
      1981.03
      1982.01
      1982.97
      1984.01
      1985.05
      1986.04
      1987.08
      1988.07
      1989.01
      1990.00
      1991.03
      1992.03
      1993.00
      1994.01
      1995.08
      1996.09
      1997.03
      1998.02
      1999.02
      2000.01
      2001.01
      2002.02
      2003.08
      2004.08
      2005.01
      2006.00
      2007.04
      2008.04
      2009.00
      2010.01
      2011.08
      2012.09
      2013.03
      2014.02
      2015.00
      2016.01
      2017.03
      2018.02
      2019.07
      2020.07
      2021.01
      2022.01
      2023.05
      2024.04
      2025.00
      2026.00
      2027.06
      2028.07
      2029.02
      2030.03
      2031.03
      2032.03
      2033.03
      2034.04
      2035.08
      2036.07
      2037.00
      2037.98
      2039.00
      2040.00
      2041.00
      2042.05
      2043.15
      2044.20
      2045.20
      2046.09
      2046.56
      2047.72
      2049.26
      2050.19
      2051.13
      2052.07
      2053.00
      2053.96
      2054.96
      2055.98
      2056.99
      2058.01
      2059.05
      2060.06
      2061.05
      2062.05
      2063.02
      2064.00
      2065.01
      2066.02
      2067.05
      2068.05
      2069.02
      2070.01
      2071.02
      2072.02
      2073.01
      2074.02
      2075.05
      2076.06
      2077.03
      2078.02
      2078.99
      2080.00
      2081.02
      2082.03
      2083.05
      2084.05
      2085.03
      2086.02
      2087.02
      2088.01
      2089.01
      2090.01
      2091.05
      2092.06
      2093.03
      2094.03
      2095.01
      2096.01
      2097.02
      2098.02
      2099.05
      2100.05
      2101.02
      2102.02
      2103.02
      2104.01
      2105.02
      2106.03
      2107.06
      2108.07
      2109.04
      2110.01
      2110.97
      2111.99
      2113.04
      2114.04
      2115.06
      2116.06
      2117.03
      2118.02
      2119.01
      2120.00
      2121.00
      2122.01
      2123.05
      2124.06
      2125.04
      2126.04
      2127.01
      2128.00
      2129.01
      2130.02
      2131.05
      2132.06
      2133.03
      2134.02
      2135.01
      2136.01
      2137.01
      2138.02
      2139.05
      2140.06
      2141.04
      2142.02
      2142.99
      2144.00
      2145.03
      2146.03
      2147.05
      2148.05
      2149.02
      2150.02
      2151.02
      2152.01
      2153.01
      2154.02
      2155.05
      2156.06
      2157.03
      2158.03
      2159.01
      2160.00
      2161.01
      2162.03
      2163.06
      2164.05
      2165.02
      2166.01
      2167.01
      2168.02
      2169.02
      2170.04
      2171.07
      2172.06
      2173.02
      2174.00
      2174.97
      2176.01
      2177.06
      2178.05
      2179.06
      2180.05
      2181.02
      2182.01
      2183.01
      2184.01
      2185.01
      2186.01
      2187.05
      2188.06
      2189.04
      2190.03
      2191.01
      2192.00
      2193.00
      2194.02
      2195.06
      2196.06
      2197.03
      2198.02
      2199.01
      2200.01
      2201.01
      2202.02
      2203.06
      2204.06
      2205.04
      2206.03
      2206.99
      2208.00
      2209.03
      2210.02
      2211.06
      2212.06
      2213.03
      2214.02
      2215.02
      2216.01
      2217.00
      2218.01
      2219.05
      2220.06
      2221.03
      2222.03
      2223.02
      2224.01
      2225.01
      2226.01
      2227.06
      2228.05
      2229.02
      2230.02
      2231.03
      2232.02
      2233.01
      2234.02
      2235.06
      2236.06
      2237.02
      2238.01
      2238.98
      2240.01
      2241.05
      2242.04
      2243.06
      2244.05
      2245.00
      2246.00
      2247.02
      2248.02
      2249.01
      2250.02
      2251.06
      2252.07
      2253.03
      2254.02
      2255.00
      2256.00
      2257.01
      2258.02
      2259.07
      2260.07
      2261.02
      2262.01
      2263.01
      2264.01
      2265.01
      2266.02
      2267.06
      2268.07
      2269.04
      2270.02
      2270.99
      2271.99
      2273.02
      2274.03
      2275.07
      2276.07
      2277.03
      2278.01
      2279.01
      2280.01
      2281.00
      2282.01
      2283.06
      2284.06
      2285.03
      2286.03
      2287.02
      2288.00
      2289.01
      2290.02
      2291.06
      2292.06
      2293.03
      2294.03
      2295.02
      2296.01
      2297.01
      2298.03
      2299.07
      2300.07
      2301.03
      2302.01
      2302.98
      2304.01
      2305.04
      2306.04
      2307.06
      2308.06
      2309.02
      2310.00
      2311.01
      2312.01
      2313.01
      2314.03
      2315.06
      2316.06
      2317.04
      2318.02
      2319.00
      2320.00
      2321.02
      2322.03
      2323.06
      2324.06
      2325.03
      2326.01
      2327.01
      2328.01
      2329.02
      2330.03
      2331.06
      2332.06
      2333.03
      2334.02
      2334.99
      2336.01
      2337.04
      2338.03
      2339.05
      2340.05
      2341.03
      2342.03
      2343.02
      2344.01
      2345.01
      2346.02
      2347.05
      2348.05
      2349.04
      2350.03
      2351.02
      2352.01
      2353.02
      2354.02
      2355.05
      2356.05
      2357.02
      2358.02
      2359.02
      2360.02
      2361.01
      2362.02
      2363.06
      2364.07
      2365.04
      2366.01
      2366.97
      2368.00
      2369.05
      2370.04
      2371.07
      2372.06
      2373.02
      2374.01
      2375.01
      2376.01
      2377.01
      2378.02
      2379.06
      2380.07
      2381.04
      2382.03
      2383.01
      2384.00
      2385.01
      2386.02
      2387.05
      2388.06
      2389.04
      2390.03
      2391.02
      2392.01
      2393.01
      2394.02
      2395.06
      2396.07
      2397.04
      2398.03
      2399.00
      2400.00
      2401.03
      2402.02
      2403.06
      2404.06
      2405.03
      2406.03
      2407.02
      2408.00
      2409.00
      2410.01
      2411.06
      2412.06
      2413.04
      2414.04
      2415.03
      2416.01
      2417.01
      2418.01
      2419.05
      2420.06
      2421.02
      2422.01
      2423.02
      2424.03
      2425.03
      2426.03
      2427.07
      2428.06
      2429.02
      2430.00
      2430.97
      2432.01
      2433.06
      2434.04
      2435.06
      2436.06
      2437.02
      2438.01
      2439.00
      2440.01
      2441.02
      2442.02
      2443.06
      2444.06
      2445.03
      2446.03
      2447.02
      2448.01
      2449.01
      2450.01
      2451.05
      2452.06
      2453.03
      2454.03
      2455.03
      2456.02
      2457.01
      2458.01
      2459.06
      2460.07
      2461.03
      2462.02
      2463.00
      2464.00
      2465.02
      2466.03
      2467.08
      2468.07
      2469.02
      2470.00
      2471.01
      2472.02
      2473.01
      2474.02
      2475.06
      2476.07
      2477.04
      2478.03
      2479.01
      2480.00
      2481.00
      2482.01
      2483.06
      2484.07
      2485.02
      2486.02
      2487.03
      2488.01
      2489.01
      2490.02
      2491.07
      2492.08
      2493.03
      2494.01
      2494.96
      2496.00
      2497.06
      2498.05
      2499.07
      2500.06
      2501.01
      2502.00
      2503.01
      2504.01
      2505.02
      2506.03
      2507.06
      2508.06
      2509.03
      2510.02
      2511.02
      2512.01
      2513.02
      2514.02
      2515.05
      2516.06
      2517.02
      2518.02
      2519.02
      2520.01
      2521.01
      2522.02
      2523.07
      2524.07
      2525.03
      2526.02
      2526.99
      2528.00
      2529.03
      2530.03
      2531.07
      2532.07
      2533.02
      2534.02
      2535.02
      2536.01
      2537.00
      2538.01
      2539.07
      2540.07
      2541.03
      2542.03
      2543.01
      2544.00
      2545.01
      2546.01
      2547.06
      2548.06
      2549.02
      2550.02
      2551.03
      2552.03
      2553.03
      2554.03
      2555.06
      2556.05
      2556.98
      2557.94
      2559.06
      2560.12
      2561.03
      2562.02
      2563.03
      2564.04
      2565.02
      2566.02
      2567.01
      2568.01
      2569.02
      2570.02
      2571.06
      2572.07
      2573.04
      2574.03
      2575.00
      2576.00
      2577.01
      2578.02
      2579.05
      2580.06
      2581.04
      2582.03
      2583.02
      2584.01
      2585.00
      2586.02
      2587.05
      2588.06
      2589.04
      2590.03
      2590.99
      2592.00
      2593.03
      2594.03
      2595.05
      2596.05
      2597.04
      2598.03
      2599.01
      2600.01
      2601.01
      2602.02
      2603.05
      2604.06
      2605.04
      2606.03
      2607.01
      2608.00
      2609.02
      2610.03
      2611.05
      2612.05
      2613.03
      2614.02
      2615.01
      2616.01
      2617.03
      2618.04
      2619.06
      2620.06
      2621.03
      2622.02
      2622.99
      2624.01
      2625.05
      2626.03
      2627.05
      2628.05
      2629.03
      2630.03
      2631.01
      2632.02
      2633.03
      2634.02
      2635.03
      2636.04
      2637.03
      2638.04
      2639.02
      2640.01
      2641.02
      2642.03
      2643.04
      2644.05
      2645.03
      2646.03
      2647.01
      2648.01
      2649.03
      2650.03
      2651.04
      2652.05
      2653.03
      2654.03
      2655.00
      2656.00
      2657.03
      2658.03
      2659.05
      2660.05
      2661.03
      2662.02
      2663.01
      2664.02
      2665.04
      2666.03
      2667.04
      2668.05
      2669.03
      2670.03
      2671.02
      2672.01
      2673.02
      2674.02
      2675.05
      2676.06
      2677.04
      2678.02
      2679.01
      2680.01
      2681.03
      2682.04
      2683.06
      2684.06
      2685.03
      2686.01
      2686.97
      2688.01
      2689.06
      2690.05
      2691.04
      2692.04
      2693.04
      2694.02
      2695.01
      2696.01
      2697.02
      2698.03
      2699.05
      2700.05
      2701.04
      2702.03
      2703.01
      2704.01
      2705.03
      2706.03
      2707.05
      2708.05
      2709.03
      2710.02
      2711.00
      2712.01
      2713.03
      2714.04
      2715.06
      2716.05
      2717.03
      2718.02
      2718.98
      2720.00
      2721.04
      2722.05
      2723.06
      2724.06
      2725.04
      2726.02
      2727.00
      2728.01
      2729.03
      2730.03
      2731.05
      2732.05
      2733.04
      2734.03
      2735.01
      2736.00
      2737.03
      2738.04
      2739.05
      2740.05
      2741.03
      2742.02
      2743.01
      2744.02
      2745.04
      2746.03
      2747.05
      2748.06
      2749.03
      2750.01
      2750.98
      2752.02
      2753.06
      2754.04
      2755.05
      2756.05
      2757.03
      2758.02
      2759.01
      2760.01
      2761.03
      2762.03
      2763.05
      2764.06
      2765.04
      2766.03
      2767.01
      2768.01
      2769.03
      2770.03
      2771.04
      2772.04
      2773.04
      2774.04
      2775.01
      2776.01
      2777.03
      2778.03
      2779.04
      2780.05
      2781.04
      2782.04
      2782.99
      2783.99
      2785.04
      2786.04
      2787.05
      2788.06
      2789.04
      2790.03
      2791.01
      2792.01
      2793.03
      2794.03
      2795.04
      2796.05
      2797.04
      2798.04
      2799.02
      2800.01
      2801.04
      2802.03
      2803.04
      2804.04
      2805.03
      2806.03
      2807.02
      2808.02
      2809.03
      2810.03
      2811.05
      2812.06
      2813.06
      2814.04
      2814.94
      2815.97
      2817.08
      2818.06
      2819.06
      2820.06
      2821.03
      2822.02
      2823.00
      2824.00
      2825.03
      2826.03
      2827.04
      2828.06
      2829.04
      2830.03
      2831.01
      2832.01
      2833.03
      2834.03
      2835.05
      2836.05
      2837.03
      2838.03
      2839.01
      2840.01
      2841.04
      2842.04
      2843.05
      2844.06
      2845.04
      2846.02
      2846.99
      2848.01
      2849.05
      2850.04
      2851.04
      2852.05
      2853.04
      2854.04
      2855.01
      2856.01
      2857.02
      2858.02
      2859.04
      2860.06
      2861.05
      2862.04
      2863.01
      2864.00
      2865.02
      2866.03
      2867.04
      2868.05
      2869.04
      2870.04
      2871.01
      2872.00
      2873.03
      2874.04
      2875.05
      2876.05
      2877.03
      2878.01
      2878.99
      2880.02
      2881.06
      2882.05
      2883.05
      2884.04
      2885.03
      2886.02
      2887.00
      2888.01
      2889.04
      2890.04
      2891.05
      2892.05
      2893.04
      2894.03
      2895.01
      2896.00
      2897.02
      2898.03
      2899.05
      2900.06
      2901.05
      2902.04
      2903.01
      2904.00
      2905.02
      2906.03
      2907.05
      2908.06
      2909.05
      2910.03
      2910.99
      2912.01
      2913.05
      2914.04
      2915.05
      2916.06
      2917.04
      2918.03
      2919.01
      2920.01
      2921.03
      2922.03
      2923.05
      2924.06
      2925.04
      2926.04
      2927.01
      2928.01
      2929.04
      2930.04
      2931.04
      2932.04
      2933.03
      2934.03
      2935.01
      2936.01
      2937.04
      2938.04
      2939.06
      2940.06
      2941.03
      2942.01
      2942.97
      2944.01
      2945.07
      2946.06
      2947.06
      2948.05
      2949.02
      2950.01
      2951.00
      2952.01
      2953.04
      2954.04
      2955.05
      2956.05
      2957.04
      2958.02
      2959.01
      2960.02
      2961.03
      2962.03
      2963.05
      2964.06
      2965.03
      2966.03
      2967.01
      2968.01
      2969.03
      2970.03
      2971.05
      2972.06
      2973.04
      2974.02
      2974.99
      2976.01
      2977.05
      2978.04
      2979.06
      2980.05
      2981.03
      2982.02
      2983.01
      2984.01
      2985.03
      2986.03
      2987.05
      2988.06
      2989.04
      2990.04
      2991.01
      2992.00
      2993.03
      2994.03
      2995.06
      2996.06
      2997.03
      2998.02
      2999.01
      3000.01
      3001.04
      3002.04
      3003.06
      3004.06
      3005.03
      3006.01
      3006.98
      3008.01
      3009.07
      3010.05
      3011.06
      3012.06
      3013.03
      3014.01
      3015.01
      3016.02
      3017.02
      3018.03
      3019.06
      3020.06
      3021.04
      3022.04
      3023.02
      3024.01
      3025.02
      3026.02
      3027.05
      3028.06
      3029.03
      3030.03
      3031.02
      3032.02
      3033.03
      3034.03
      3035.05
      3036.05
      3037.04
      3038.04
      3039.00
      3040.00
      3041.05
      3042.04
      3043.05
      3044.05
      3045.02
      3046.03
      3047.03
      3048.02
      3049.02
      3050.03
      3051.05
      3052.06
      3053.04
      3054.04
      3055.03
      3056.02
      3057.03
      3058.03
      3059.05
      3060.05
      3061.03
      3062.02
      3063.01
      3064.01
      3065.04
      3066.06
      3067.10
      3068.09
      3069.04
      3070.00
      3070.83
      3071.96
      3073.20
      3074.12
      3075.05
      3076.02
      3077.01
      3078.01
      3078.99
      3080.00
      3081.03
      3082.04
      3083.04
      3084.05
      3085.06
      3086.04
      3087.02
      3088.01
      3089.02
      3090.02
      3091.02
      3092.04
      3093.05
      3094.04
      3095.01
      3096.02
      3097.04
      3098.04
      3099.03
      3100.03
      3101.05
      3102.04
      3103.00
      3104.01
      3105.04
      3106.04
      3107.04
      3108.04
      3109.04
      3110.03
      3111.01
      3112.01
      3113.03
      3114.04
      3115.04
      3116.04
      3117.04
      3118.03
      3119.02
      3120.02
      3121.03
      3122.04
      3123.03
      3124.04
      3125.04
      3126.03
      3127.00
      3128.01
      3129.05
      3130.05
      3131.05
      3132.04
      3133.04
      3134.02
      3134.99
      3136.02
      3137.06
      3138.05
      3139.04
      3140.03
      3141.04
      3142.03
      3143.01
      3144.02
      3145.04
      3146.04
      3147.03
      3148.04
      3149.04
      3150.03
      3151.03
      3152.03
      3153.03
      3154.03
      3155.03
      3156.03
      3157.05
      3158.04
      3159.02
      3160.02
      3161.04
      3162.04
      3163.03
      3164.04
      3165.05
      3166.04
      3167.00
      3168.01
      3169.05
      3170.04
      3171.03
      3172.04
      3173.05
      3174.04
      3175.01
      3176.01
      3177.03
      3178.03
      3179.04
      3180.05
      3181.04
      3182.03
      3183.02
      3184.02
      3185.03
      3186.04
      3187.03
      3188.03
      3189.04
      3190.04
      3191.02
      3192.01
      3193.03
      3194.05
      3195.05
      3196.05
      3197.04
      3198.02
      3198.97
      3200.01
      3201.08
      3202.07
      3203.04
      3204.04
      3205.03
      3206.02
      3207.01
      3208.01
      3209.04
      3210.05
      3211.04
      3212.04
      3213.05
      3214.02
      3215.02
      3216.02
      3217.02
      3218.04
      3219.04
      3220.04
      3221.05
      3222.04
      3223.01
      3224.01
      3225.03
      3226.04
      3227.04
      3228.04
      3229.05
      3230.03
      3230.99
      3232.01
      3233.05
      3234.05
      3235.03
      3236.03
      3237.05
      3238.04
      3239.02
      3240.02
      3241.03
      3242.03
      3243.03
      3244.04
      3245.04
      3246.04
      3247.04
      3248.03
      3249.02
      3250.02
      3251.02
      3252.04
      3253.05
      3254.05
      3255.03
      3256.02
      3257.03
      3258.04
      3259.04
      3260.04
      3261.04
      3262.02
      3262.99
      3264.02
      3265.07
      3266.06
      3267.04
      3268.03
      3269.03
      3270.03
      3271.02
      3272.02
      3273.04
      3274.04
      3275.04
      3276.04
      3277.04
      3278.03
      3279.03
      3280.03
      3281.03
      3282.04
      3283.03
      3284.04
      3285.04
      3286.04
      3287.03
      3288.03
      3289.03
      3290.03
      3291.03
      3292.04
      3293.05
      3294.04
      3295.00
      3296.01
      3297.05
      3298.04
      3299.04
      3300.03
      3301.04
      3302.04
      3303.03
      3304.02
      3305.03
      3306.04
      3307.04
      3308.04
      3309.04
      3310.03
      3311.03
      3312.03
      3313.03
      3314.04
      3315.04
      3316.03
      3317.03
      3318.03
      3319.02
      3320.02
      3321.04
      3322.05
      3323.05
      3324.05
      3325.05
      3326.04
      3326.95
      3327.98
      3329.09
      3330.07
      3331.05
      3332.05
      3333.04
      3334.02
      3335.01
      3336.01
      3337.03
      3338.04
      3339.04
      3340.04
      3341.04
      3342.04
      3343.03
      3344.03
      3345.02
      3346.02
      3347.03
      3348.04
      3349.04
      3350.04
      3351.02
      3352.02
      3353.03
      3354.03
      3355.04
      3356.05
      3357.06
      3358.04
      3359.00
      3360.01
      3361.04
      3362.03
      3363.05
      3364.06
      3365.04
      3366.03
      3367.02
      3368.02
      3369.03
      3370.03
      3371.04
      3372.05
      3373.04
      3374.03
      3375.04
      3376.03
      3377.02
      3378.03
      3379.05
      3380.05
      3381.03
      3382.03
      3383.02
      3384.02
      3385.04
      3386.05
      3387.05
      3388.05
      3389.04
      3390.02
      3390.99
      3392.01
      3393.06
      3394.05
      3395.05
      3396.05
      3397.04
      3398.03
      3399.02
      3400.02
      3401.02
      3402.03
      3403.04
      3404.05
      3405.04
      3406.04
      3407.04
      3408.03
      3409.02
      3410.02
      3411.04
      3412.04
      3413.04
      3414.04
      3415.03
      3416.02
      3417.03
      3418.04
      3419.05
      3420.05
      3421.04
      3422.04
      3423.01
      3424.01
      3425.04
      3426.04
      3427.05
      3428.05
      3429.04
      3430.03
      3431.01
      3432.02
      3433.03
      3434.03
      3435.04
      3436.05
      3437.05
      3438.04
      3439.03
      3440.02
      3441.02
      3442.02
      3443.04
      3444.05
      3445.04
      3446.04
      3447.03
      3448.03
      3449.03
      3450.04
      3451.05
      3452.05
      3453.03
      3454.02
      3454.99
      3456.02
      3457.07
      3458.05
      3459.05
      3460.04
      3461.03
      3462.02
      3463.02
      3464.02
      3465.03
      3466.03
      3467.03
      3468.05
      3469.05
      3470.04
      3471.03
      3472.03
      3473.02
      3474.02
      3475.03
      3476.05
      3477.04
      3478.04
      3479.04
      3480.02
      3481.02
      3482.03
      3483.06
      3484.06
      3485.04
      3486.03
      3487.01
      3488.01
      3489.04
      3490.04
      3491.04
      3492.05
      3493.04
      3494.03
      3495.02
      3496.02
      3497.03
      3498.03
      3499.05
      3500.05
      3501.03
      3502.03
      3503.03
      3504.03
      3505.02
      3506.03
      3507.05
      3508.05
      3509.04
      3510.03
      3511.02
      3512.02
      3513.03
      3514.04
      3515.06
      3516.07
      3517.04
      3518.02
      3518.98
      3520.01
      3521.06
      3522.05
      3523.06
      3524.05
      3525.03
      3526.03
      3527.03
      3528.02
      3529.02
      3530.03
      3531.05
      3532.05
      3533.04
      3534.04
      3535.04
      3536.03
      3537.02
      3538.03
      3539.04
      3540.04
      3541.04
      3542.04
      3543.03
      3544.02
      3545.02
      3546.03
      3547.05
      3548.06
      3549.05
      3550.04
      3550.99
      3552.01
      3553.05
      3554.04
      3555.04
      3556.05
      3557.04
      3558.04
      3559.03
      3560.02
      3561.01
      3562.03
      3563.05
      3564.05
      3565.05
      3566.05
      3567.05
      3568.03
      3569.01
      3570.01
      3571.02
      3572.04
      3573.05
      3574.06
      3575.05
      3576.04
      3577.04
      3578.03
      3579.04
      3580.03
      3580.99
      3581.95
      3583.09
      3584.14
      3585.03
      3586.01
      3587.00
      3588.02
      3589.04
      3590.03
      3591.02
      3592.03
      3593.05
      3594.04
      3595.03
      3596.03
      3597.05
      3598.04
      3599.03
      3600.03
      3601.02
      3602.03
      3603.04
      3604.04
      3605.05
      3606.04
      3607.02
      3608.02
      3609.04
      3610.04
      3611.04
      3612.04
      3613.05
      3614.04
      3615.00
      3616.01
      3617.05
      3618.05
      3619.04
      3620.04
      3621.04
      3622.03
      3623.03
      3624.03
      3625.04
      3626.03
      3627.03
      3628.04
      3629.04
      3630.04
      3631.04
      3632.03
      3633.04
      3634.04
      3635.03
      3636.02
      3637.03
      3638.04
      3639.03
      3640.04
      3641.05
      3642.04
      3643.04
      3644.05
      3645.05
      3646.02
      3646.98
      3648.02
      3649.07
      3650.06
      3651.04
      3652.04
      3653.04
      3654.02
      3655.01
      3656.02
      3657.04
      3658.05
      3659.03
      3660.03
      3661.04
      3662.04
      3663.04
      3664.03
      3665.03
      3666.03
      3667.02
      3668.03
      3669.05
      3670.05
      3671.03
      3672.02
      3673.03
      3674.04
      3675.03
      3676.03
      3677.05
      3678.05
      3679.01
      3680.02
      3681.06
      3682.05
      3683.02
      3684.03
      3685.05
      3686.05
      3687.04
      3688.03
      3689.03
      3690.04
      3691.01
      3692.02
      3693.06
      3694.06
      3695.04
      3696.03
      3697.03
      3698.03
      3699.01
      3700.03
      3701.05
      3702.05
      3703.04
      3704.03
      3705.03
      3706.04
      3707.03
      3708.04
      3709.06
      3710.04
      3710.97
      3712.00
      3713.08
      3714.07
      3715.04
      3716.03
      3717.04
      3718.03
      3719.02
      3720.02
      3721.03
      3722.04
      3723.04
      3724.04
      3725.04
      3726.04
      3727.03
      3728.03
      3729.03
      3730.03
      3731.03
      3732.04
      3733.04
      3734.03
      3735.03
      3736.03
      3737.04
      3738.05
      3739.04
      3740.04
      3741.05
      3742.03
      3742.99
      3744.01
      3745.06
      3746.06
      3747.05
      3748.04
      3749.04
      3750.04
      3751.02
      3752.02
      3753.03
      3754.04
      3755.04
      3756.05
      3757.05
      3758.04
      3759.02
      3760.02
      3761.04
      3762.04
      3763.03
      3764.04
      3765.05
      3766.04
      3767.02
      3768.03
      3769.05
      3770.05
      3771.05
      3772.04
      3773.04
      3774.02
      3774.99
      3776.03
      3777.08
      3778.06
      3779.04
      3780.03
      3781.04
      3782.03
      3783.03
      3784.02
      3785.03
      3786.04
      3787.03
      3788.05
      3789.07
      3790.05
      3791.02
      3792.01
      3793.03
      3794.04
      3795.03
      3796.03
      3797.04
      3798.04
      3799.04
      3800.03
      3801.04
      3802.04
      3803.03
      3804.04
      3805.06
      3806.05
      3807.01
      3808.01
      3809.06
      3810.05
      3811.03
      3812.03
      3813.05
      3814.05
      3815.03
      3816.02
      3817.03
      3818.04
      3819.03
      3820.04
      3821.06
      3822.05
      3823.03
      3824.02
      3825.03
      3826.05
      3827.03
      3828.03
      3829.04
      3830.05
      3831.04
      3832.03
      3833.03
      3834.04
      3835.04
      3836.05
      3837.06
      3838.05
      3838.96
      3839.98
      3841.09
      3842.08
      3843.05
      3844.03
      3845.04
      3846.03
      3847.02
      3848.02
      3849.03
      3850.04
      3851.03
      3852.04
      3853.05
      3854.04
      3855.03
      3856.03
      3857.04
      3858.04
      3859.03
      3860.03
      3861.04
      3862.03
      3863.03
      3864.03
      3865.04
      3866.06
      3867.05
      3868.04
      3869.04
      3870.03
      3871.01
      3872.02
      3873.05
      3874.05
      3875.04
      3876.05
      3877.04
      3878.04
      3879.03
      3880.02
      3881.03
      3882.04
      3883.03
      3884.04
      3885.06
      3886.05
      3887.03
      3888.03
      3889.03
      3890.03
      3891.03
      3892.04
      3893.05
      3894.05
      3895.04
      3896.03
      3897.04
      3898.04
      3899.04
      3900.05
      3901.06
      3902.05
      3902.99
      3904.01
      3905.07
      3906.06
      3907.04
      3908.03
      3909.05
      3910.04
      3911.03
      3912.03
      3913.04
      3914.04
      3915.03
      3916.03
      3917.05
      3918.05
      3919.05
      3920.05
      3921.04
      3922.04
      3923.02
      3924.03
      3925.05
      3926.05
      3927.04
      3928.04
      3929.05
      3930.05
      3931.03
      3932.03
      3933.05
      3934.05
      3935.02
      3936.02
      3937.06
      3938.06
      3939.04
      3940.03
      3941.04
      3942.04
      3943.03
      3944.03
      3945.05
      3946.05
      3947.03
      3948.03
      3949.05
      3950.05
      3951.04
      3952.04
      3953.04
      3954.05
      3955.02
      3956.03
      3957.05
      3958.05
      3959.04
      3960.03
      3961.04
      3962.05
      3963.05
      3964.05
      3965.05
      3966.04
      3966.97
      3968.01
      3969.09
      3970.07
      3971.05
      3972.03
      3973.04
      3974.03
      3975.03
      3976.03
      3977.03
      3978.04
      3979.04
      3980.05
      3981.05
      3982.04
      3983.03
      3984.03
      3985.04
      3986.04
      3987.04
      3988.05
      3989.04
      3990.03
      3991.03
      3992.03
      3993.04
      3994.04
      3995.05
      3996.05
      3997.04
      3998.04
      3999.02
      4000.02
      4001.06
      4002.05
      4003.04
      4004.04
      4005.04
      4006.04
      4007.04
      4008.04
      4009.04
      4010.03
      4011.04
      4012.05
      4013.04
      4014.04
      4015.04
      4016.03
      4017.04
      4018.04
      4019.05
      4020.05
      4021.04
      4022.04
      4023.03
      4024.03
      4025.04
      4026.05
      4027.06
      4028.06
      4029.05
      4030.03
      4030.98
      4032.02
      4033.08
      4034.07
      4035.05
      4036.04
      4037.04
      4038.04
      4039.03
      4040.02
      4041.03
      4042.04
      4043.04
      4044.05
      4045.06
      4046.05
      4047.03
      4048.03
      4049.03
      4050.04
      4051.03
      4052.04
      4053.06
      4054.05
      4055.03
      4056.03
      4057.03
      4058.04
      4059.03
      4060.04
      4061.06
      4062.06
      4063.02
      4064.02
      4065.05
      4066.05
      4067.03
      4068.03
      4069.05
      4070.05
      4071.04
      4072.04
      4073.04
      4074.04
      4075.02
      4076.03
      4077.05
      4078.05
      4079.04
      4080.04
      4081.04
      4082.04
      4083.03
      4084.03
      4085.05
      4086.05
      4087.04
      4088.04
      4089.06
      4090.06
      4091.03
      4092.03
      4093.03
      4094.01
      4095.03
