PDS_VERSION_ID         = PDS3
RECORD_TYPE            = STREAM
OBJECT                 = TEXT
  PUBLICATION_DATE     = 2019-04-02
  INTERCHANGE_FORMAT   = ASCII
  NOTE                 = "File contaning bitweight corrrection for WAC, gain 
                         state 1, and temperature +5 degrees Celsius derived 
                         during ground calibration."
END_OBJECT             = TEXT
END

\begindata
      0.00000
      1.00000
      2.00000
      3.00000
      4.00000
      5.00000
      6.00000
      7.00000
      8.00000
      9.00000
      10.0000
      11.0000
      12.0000
      13.0000
      14.0000
      15.0000
      16.0000
      17.0000
      18.0000
      19.0000
      20.0000
      21.0000
      22.0000
      23.0000
      24.0000
      25.0000
      26.0000
      27.0000
      28.0000
      29.0000
      30.0000
      31.0000
      32.0000
      33.0000
      34.0000
      35.0000
      36.0000
      37.0000
      38.0000
      39.0000
      40.0000
      41.0000
      42.0000
      43.0000
      44.0000
      45.0000
      46.0000
      47.0000
      48.0000
      49.0000
      50.0000
      51.0000
      52.0000
      53.0000
      54.0000
      55.0000
      56.0000
      57.0000
      58.0000
      59.0000
      60.0000
      61.0000
      62.0000
      63.0000
      64.0000
      65.0000
      66.0000
      67.0000
      68.0000
      69.0000
      70.0000
      71.0000
      72.0000
      73.0000
      74.0000
      75.0000
      76.0000
      77.0000
      78.0000
      79.0000
      80.0000
      81.0000
      82.0000
      83.0000
      84.0000
      85.0000
      86.0000
      87.0000
      88.0000
      89.0000
      90.0000
      91.0000
      92.0000
      93.0000
      94.0000
      95.0000
      96.0000
      97.0000
      98.0000
      99.0000
      100.000
      101.000
      102.000
      103.000
      104.000
      105.000
      106.000
      107.000
      108.000
      109.000
      110.000
      111.000
      112.000
      113.000
      114.000
      115.000
      116.000
      117.000
      118.000
      119.000
      120.000
      121.000
      122.000
      123.000
      124.000
      125.000
      126.000
      127.000
      128.000
      129.000
      130.000
      131.000
      132.000
      133.000
      134.000
      135.000
      136.000
      137.000
      138.000
      139.000
      140.000
      141.000
      142.000
      143.000
      144.000
      145.000
      146.000
      147.000
      148.000
      149.000
      150.000
      151.000
      152.000
      153.000
      154.000
      155.000
      156.000
      157.000
      158.000
      159.000
      160.000
      161.000
      162.000
      163.000
      164.000
      165.000
      166.000
      167.000
      168.000
      169.000
      170.000
      171.000
      172.000
      173.000
      174.000
      175.000
      176.000
      177.000
      178.000
      179.000
      180.000
      181.000
      182.000
      183.000
      184.000
      185.000
      186.000
      187.000
      188.000
      189.000
      190.000
      191.000
      192.000
      193.000
      194.000
      195.000
      196.000
      197.000
      198.000
      199.000
      200.000
      201.040
      202.050
      203.020
      204.000
      204.980
      205.970
      206.910
      207.940
      209.060
      210.060
      211.040
      212.000
      212.970
      213.950
      214.930
      215.960
      217.040
      218.050
      219.020
      220.010
      220.990
      221.980
      222.910
      223.950
      225.060
      226.050
      227.030
      228.000
      228.960
      229.960
      230.940
      231.970
      233.030
      234.030
      235.010
      236.010
      237.020
      238.010
      238.910
      239.910
      241.040
      242.050
      243.030
      244.000
      244.980
      245.980
      246.940
      247.970
      249.050
      250.040
      251.010
      252.010
      252.990
      253.960
      254.930
      255.980
      257.040
      258.020
      259.020
      260.010
      260.980
      261.950
      262.960
      263.990
      265.010
      266.000
      267.000
      268.020
      269.010
      269.990
      270.940
      271.960
      273.020
      274.010
      275.010
      276.010
      276.990
      277.970
      278.950
      279.970
      281.020
      282.010
      283.010
      284.020
      285.000
      285.990
      286.930
      287.950
      289.030
      290.030
      291.020
      292.010
      292.990
      293.980
      294.950
      295.960
      297.020
      298.030
      299.000
      300.010
      301.020
      302.020
      302.920
      303.930
      305.040
      306.030
      307.010
      308.000
      309.000
      309.990
      310.940
      311.960
      313.030
      314.030
      315.010
      316.020
      317.010
      317.980
      318.930
      319.970
      321.030
      322.030
      323.030
      324.010
      324.980
      325.970
      326.960
      327.970
      329.000
      330.000
      331.000
      332.020
      333.020
      334.000
      334.950
      335.950
      337.010
      338.010
      339.020
      340.020
      341.010
      341.970
      342.940
      343.970
      345.030
      346.030
      347.010
      348.000
      349.000
      349.990
      350.930
      351.960
      353.040
      354.020
      355.010
      356.010
      357.000
      357.980
      358.960
      359.960
      361.000
      362.010
      363.000
      364.020
      365.040
      366.030
      366.920
      367.920
      369.030
      370.030
      371.020
      372.010
      373.000
      373.990
      374.950
      375.970
      377.040
      378.030
      379.000
      380.010
      381.000
      381.970
      382.950
      383.990
      385.010
      386.010
      387.010
      388.020
      389.000
      389.980
      390.950
      391.960
      393.010
      394.010
      395.010
      396.020
      397.020
      398.000
      398.940
      399.940
      401.010
      402.020
      403.020
      404.020
      405.020
      405.990
      406.940
      407.950
      409.010
      410.020
      411.010
      412.020
      413.020
      414.010
      414.930
      415.930
      417.020
      418.020
      419.020
      420.030
      421.010
      421.990
      422.940
      423.950
      425.000
      426.010
      427.010
      428.030
      429.050
      430.030
      430.910
      431.910
      433.040
      434.030
      435.010
      436.020
      437.030
      438.000
      438.940
      439.950
      441.020
      442.040
      443.010
      444.020
      445.010
      445.980
      446.930
      447.970
      449.040
      450.030
      451.010
      452.010
      453.000
      453.980
      454.950
      455.960
      457.010
      458.010
      459.010
      460.020
      461.020
      462.010
      462.940
      463.930
      465.010
      466.020
      467.020
      468.020
      469.010
      469.990
      470.940
      471.950
      473.020
      474.020
      475.010
      476.020
      477.030
      478.010
      478.910
      479.920
      481.040
      482.040
      483.020
      484.010
      485.000
      485.980
      486.940
      487.950
      489.010
      490.020
      491.010
      492.020
      493.040
      494.030
      494.910
      495.910
      497.040
      498.030
      499.010
      500.010
      501.020
      502.000
      502.930
      503.950
      505.030
      506.040
      507.010
      508.030
      509.030
      510.010
      510.870
      511.910
      513.070
      514.050
      515.030
      516.020
      517.000
      517.970
      518.950
      519.960
      521.000
      522.000
      523.000
      524.020
      525.030
      526.020
      526.950
      527.950
      529.010
      530.000
      531.010
      532.020
      533.020
      533.990
      534.950
      535.960
      537.010
      538.020
      539.010
      540.020
      541.020
      542.000
      542.930
      543.950
      545.020
      546.010
      547.010
      548.020
      549.020
      550.000
      550.950
      551.950
      553.010
      554.000
      555.000
      556.030
      557.040
      558.030
      558.920
      559.920
      561.030
      562.020
      563.020
      564.030
      565.010
      565.990
      566.930
      567.950
      569.030
      570.030
      571.000
      572.020
      573.020
      573.980
      574.930
      575.970
      577.020
      578.020
      579.010
      580.020
      581.010
      581.990
      582.960
      583.950
      584.990
      585.990
      587.010
      588.040
      589.050
      590.020
      590.930
      591.920
      593.000
      594.010
      595.020
      596.020
      597.020
      598.010
      598.950
      599.940
      601.000
      602.010
      603.010
      604.020
      605.040
      606.020
      606.920
      607.930
      609.020
      610.020
      611.020
      612.020
      613.030
      614.010
      614.940
      615.950
      617.000
      618.000
      619.000
      620.030
      621.050
      622.040
      622.920
      623.910
      625.020
      626.020
      627.010
      628.020
      629.030
      630.010
      630.940
      631.950
      633.020
      634.030
      635.000
      636.010
      637.010
      637.970
      638.960
      640.000
      641.020
      642.010
      643.000
      644.000
      645.010
      645.990
      646.960
      647.970
      649.020
      650.020
      651.000
      652.010
      653.020
      654.010
      654.930
      655.930
      657.020
      658.020
      659.030
      660.030
      661.020
      661.990
      662.930
      663.950
      665.010
      666.010
      667.010
      668.030
      669.040
      670.020
      670.920
      671.920
      673.010
      674.020
      675.020
      676.030
      677.030
      678.000
      678.940
      679.940
      681.000
      682.010
      683.010
      684.030
      685.050
      686.040
      686.920
      687.910
      689.020
      690.030
      691.020
      692.020
      693.030
      694.010
      694.940
      695.940
      697.020
      698.030
      699.010
      700.020
      701.020
      701.980
      702.930
      703.970
      705.030
      706.020
      707.010
      708.010
      709.010
      709.990
      710.950
      711.960
      713.000
      714.000
      715.010
      716.030
      717.040
      718.020
      718.940
      719.930
      721.010
      722.010
      723.010
      724.020
      725.030
      726.010
      726.950
      727.950
      729.010
      730.010
      731.010
      732.030
      733.040
      734.020
      734.920
      735.930
      737.030
      738.020
      739.020
      740.030
      741.030
      742.000
      742.940
      743.940
      745.010
      746.010
      747.010
      748.040
      749.050
      750.030
      750.920
      751.930
      753.040
      754.020
      755.020
      756.020
      757.020
      758.010
      758.930
      759.950
      761.040
      762.040
      763.020
      764.020
      765.020
      766.000
      766.920
      767.950
      769.050
      770.030
      771.020
      772.030
      773.010
      773.990
      774.960
      775.970
      777.010
      778.010
      779.000
      780.020
      781.030
      782.010
      782.940
      783.950
      785.030
      786.020
      787.010
      788.020
      789.020
      790.000
      790.950
      791.950
      793.020
      794.030
      795.020
      796.030
      797.030
      798.000
      798.930
      799.940
      801.030
      802.030
      803.010
      804.020
      805.020
      806.000
      806.950
      807.960
      809.020
      810.020
      811.000
      812.030
      813.040
      814.030
      814.930
      815.920
      817.020
      818.030
      819.020
      820.030
      821.020
      822.000
      822.950
      823.960
      825.020
      826.020
      827.010
      828.020
      829.020
      829.980
      830.940
      831.980
      833.050
      834.040
      835.010
      836.000
      837.000
      837.990
      838.960
      839.970
      841.020
      842.020
      843.010
      844.020
      845.040
      846.020
      846.940
      847.940
      849.020
      850.020
      851.010
      852.020
      853.010
      854.000
      854.960
      855.960
      857.020
      858.020
      859.000
      860.020
      861.030
      862.010
      862.930
      863.940
      865.040
      866.030
      867.020
      868.020
      869.020
      869.990
      870.950
      871.960
      873.020
      874.020
      875.010
      876.030
      877.050
      878.020
      878.930
      879.930
      881.030
      882.020
      883.010
      884.030
      885.030
      886.010
      886.960
      887.960
      889.020
      890.020
      891.000
      892.020
      893.020
      893.980
      894.960
      896.000
      897.030
      898.010
      899.000
      900.020
      901.020
      901.990
      902.950
      903.970
      905.010
      906.020
      907.020
      908.020
      909.020
      910.010
      910.940
      911.960
      913.030
      914.010
      915.010
      916.030
      917.020
      918.010
      918.950
      919.950
      921.020
      922.020
      923.010
      924.030
      925.050
      926.010
      926.920
      927.930
      929.030
      930.020
      931.020
      932.040
      933.040
      934.000
      934.930
      935.950
      937.010
      938.010
      939.010
      940.040
      941.050
      942.040
      942.920
      943.920
      945.030
      946.030
      947.020
      948.030
      949.020
      950.000
      950.940
      951.960
      953.050
      954.040
      955.010
      956.020
      957.020
      957.980
      958.930
      959.970
      961.050
      962.040
      963.020
      964.010
      965.010
      965.990
      966.960
      967.970
      969.020
      970.010
      971.010
      972.020
      973.030
      974.020
      974.950
      975.950
      977.010
      978.010
      979.010
      980.030
      981.030
      982.010
      982.950
      983.950
      985.020
      986.020
      987.010
      988.030
      989.040
      990.010
      990.930
      991.950
      993.020
      994.020
      995.010
      996.030
      997.030
      998.000
      998.940
      999.960
      1001.03
      1002.02
      1003.01
      1004.03
      1005.03
      1006.02
      1006.93
      1007.94
      1009.03
      1010.02
      1011.01
      1012.02
      1013.03
      1014.02
      1014.96
      1015.98
      1017.05
      1018.02
      1018.99
      1019.98
      1020.96
      1021.90
      1023.13
      1024.17
      1024.94
      1025.95
      1026.96
      1028.00
      1029.01
      1030.01
      1030.97
      1031.99
      1033.03
      1034.03
      1035.01
      1036.02
      1037.02
      1038.00
      1038.94
      1039.94
      1041.02
      1042.03
      1043.02
      1044.03
      1045.03
      1046.00
      1046.94
      1047.95
      1049.02
      1050.02
      1051.01
      1052.03
      1053.04
      1054.01
      1054.93
      1055.95
      1057.03
      1058.03
      1059.01
      1060.03
      1061.03
      1062.00
      1062.96
      1063.96
      1065.01
      1066.01
      1067.01
      1068.03
      1069.05
      1070.03
      1070.92
      1071.92
      1073.02
      1074.03
      1075.02
      1076.03
      1077.03
      1077.99
      1078.94
      1079.96
      1081.03
      1082.04
      1083.01
      1084.02
      1085.02
      1085.99
      1086.94
      1087.97
      1089.04
      1090.03
      1091.02
      1092.02
      1093.01
      1093.99
      1094.95
      1095.97
      1097.02
      1098.03
      1099.01
      1100.02
      1101.04
      1102.02
      1102.93
      1103.94
      1105.03
      1106.03
      1107.01
      1108.02
      1109.02
      1110.01
      1110.96
      1111.96
      1113.02
      1114.02
      1115.01
      1116.02
      1117.03
      1118.01
      1118.94
      1119.95
      1121.03
      1122.03
      1123.01
      1124.02
      1125.02
      1126.00
      1126.96
      1127.96
      1129.01
      1130.01
      1131.00
      1132.03
      1133.06
      1134.04
      1134.93
      1135.93
      1137.02
      1138.03
      1139.01
      1140.01
      1141.02
      1142.02
      1142.97
      1143.97
      1145.03
      1146.02
      1147.00
      1148.01
      1149.01
      1149.97
      1150.97
      1152.02
      1153.02
      1154.01
      1155.00
      1156.01
      1157.02
      1158.00
      1158.96
      1159.97
      1161.02
      1162.02
      1163.00
      1164.02
      1165.03
      1166.01
      1166.94
      1167.95
      1169.03
      1170.02
      1171.01
      1172.01
      1173.02
      1174.02
      1174.96
      1175.96
      1177.01
      1178.01
      1179.00
      1180.02
      1181.04
      1182.02
      1182.93
      1183.94
      1185.03
      1186.02
      1187.02
      1188.02
      1189.02
      1190.01
      1190.95
      1191.96
      1193.02
      1194.02
      1195.01
      1196.02
      1197.04
      1198.03
      1198.94
      1199.94
      1201.03
      1202.03
      1203.01
      1204.01
      1205.02
      1206.01
      1206.95
      1207.96
      1209.02
      1210.03
      1211.01
      1212.02
      1213.03
      1214.00
      1214.93
      1215.96
      1217.05
      1218.03
      1219.00
      1220.01
      1221.03
      1222.01
      1222.95
      1223.96
      1225.02
      1226.02
      1227.00
      1228.01
      1229.04
      1230.04
      1230.94
      1231.94
      1233.02
      1234.03
      1235.02
      1236.02
      1237.02
      1238.00
      1238.95
      1239.96
      1241.02
      1242.02
      1243.01
      1244.02
      1245.04
      1246.03
      1246.94
      1247.94
      1249.02
      1250.02
      1251.01
      1252.02
      1253.03
      1254.02
      1254.96
      1255.96
      1257.01
      1258.00
      1259.00
      1260.02
      1261.05
      1262.04
      1262.95
      1263.94
      1265.02
      1266.02
      1267.01
      1268.02
      1269.03
      1270.01
      1270.95
      1271.95
      1273.02
      1274.03
      1275.02
      1276.03
      1277.03
      1278.00
      1278.90
      1279.94
      1281.06
      1282.05
      1283.02
      1284.02
      1285.02
      1285.99
      1286.94
      1287.96
      1289.02
      1290.03
      1291.01
      1292.02
      1293.04
      1294.03
      1294.93
      1295.93
      1297.03
      1298.02
      1299.01
      1300.02
      1301.03
      1302.01
      1302.95
      1303.96
      1305.02
      1306.02
      1307.00
      1308.03
      1309.04
      1310.00
      1310.93
      1311.96
      1313.04
      1314.02
      1315.01
      1316.03
      1317.02
      1318.00
      1318.96
      1319.97
      1321.02
      1322.02
      1323.01
      1324.03
      1325.05
      1326.03
      1326.93
      1327.93
      1329.03
      1330.03
      1331.02
      1332.02
      1333.02
      1334.00
      1334.95
      1335.97
      1337.03
      1338.03
      1339.02
      1340.02
      1341.02
      1341.99
      1342.93
      1343.96
      1345.05
      1346.04
      1347.02
      1348.01
      1349.02
      1350.00
      1350.95
      1351.96
      1353.02
      1354.01
      1355.00
      1356.03
      1357.05
      1358.03
      1358.92
      1359.93
      1361.04
      1362.03
      1363.01
      1364.02
      1365.02
      1366.01
      1366.94
      1367.95
      1369.03
      1370.03
      1371.01
      1372.02
      1373.03
      1374.02
      1374.93
      1375.94
      1377.04
      1378.03
      1379.01
      1380.03
      1381.04
      1382.01
      1382.94
      1383.95
      1385.02
      1386.01
      1387.01
      1388.03
      1389.05
      1390.04
      1390.94
      1391.94
      1393.02
      1394.02
      1395.01
      1396.02
      1397.03
      1398.02
      1398.96
      1399.97
      1401.03
      1402.02
      1403.00
      1404.01
      1405.01
      1405.98
      1406.98
      1408.02
      1409.03
      1410.02
      1411.00
      1412.00
      1413.01
      1414.00
      1414.96
      1415.97
      1417.03
      1418.03
      1419.01
      1420.02
      1421.03
      1422.01
      1422.93
      1423.94
      1425.03
      1426.04
      1427.02
      1428.03
      1429.03
      1430.00
      1430.94
      1431.96
      1433.03
      1434.03
      1435.02
      1436.03
      1437.03
      1438.00
      1438.93
      1439.96
      1441.04
      1442.03
      1443.02
      1444.03
      1445.02
      1446.00
      1446.95
      1447.96
      1449.03
      1450.03
      1451.01
      1452.02
      1453.04
      1454.02
      1454.94
      1455.95
      1457.04
      1458.03
      1459.02
      1460.02
      1461.02
      1462.00
      1462.95
      1463.96
      1465.03
      1466.04
      1467.03
      1468.03
      1469.02
      1469.99
      1470.91
      1471.96
      1473.06
      1474.05
      1475.03
      1476.03
      1477.02
      1478.00
      1478.94
      1479.95
      1481.02
      1482.03
      1483.02
      1484.03
      1485.04
      1486.03
      1486.94
      1487.94
      1489.03
      1490.03
      1491.02
      1492.03
      1493.03
      1494.01
      1494.94
      1495.95
      1497.04
      1498.04
      1499.01
      1500.02
      1501.04
      1502.02
      1502.92
      1503.94
      1505.04
      1506.04
      1507.02
      1508.03
      1509.03
      1510.01
      1510.95
      1511.95
      1513.01
      1514.02
      1515.01
      1516.04
      1517.05
      1518.03
      1518.93
      1519.94
      1521.03
      1522.03
      1523.02
      1524.03
      1525.02
      1526.00
      1526.94
      1527.95
      1529.03
      1530.04
      1531.04
      1532.06
      1533.07
      1534.03
      1534.78
      1535.86
      1537.15
      1538.09
      1539.04
      1540.03
      1541.01
      1541.98
      1542.93
      1543.95
      1545.02
      1546.02
      1547.02
      1548.03
      1549.05
      1550.03
      1550.94
      1551.94
      1553.03
      1554.02
      1555.01
      1556.02
      1557.03
      1558.02
      1558.95
      1559.96
      1561.02
      1562.02
      1563.01
      1564.03
      1565.04
      1566.01
      1566.92
      1567.95
      1569.04
      1570.04
      1571.02
      1572.02
      1573.03
      1574.00
      1574.95
      1575.96
      1577.03
      1578.03
      1579.01
      1580.02
      1581.04
      1582.03
      1582.94
      1583.94
      1585.04
      1586.04
      1587.02
      1588.02
      1589.02
      1590.01
      1590.95
      1591.96
      1593.03
      1594.04
      1595.02
      1596.02
      1597.03
      1598.00
      1598.93
      1599.96
      1601.05
      1602.04
      1603.01
      1604.02
      1605.03
      1606.01
      1606.95
      1607.95
      1609.02
      1610.03
      1611.01
      1612.03
      1613.05
      1614.03
      1614.94
      1615.94
      1617.03
      1618.02
      1619.01
      1620.03
      1621.04
      1622.02
      1622.95
      1623.96
      1625.02
      1626.02
      1627.01
      1628.03
      1629.04
      1630.02
      1630.93
      1631.95
      1633.04
      1634.03
      1635.01
      1636.01
      1637.02
      1638.02
      1638.96
      1639.96
      1641.03
      1642.02
      1643.01
      1644.02
      1645.04
      1646.03
      1646.94
      1647.94
      1649.03
      1650.03
      1651.01
      1652.02
      1653.03
      1654.02
      1654.95
      1655.96
      1657.04
      1658.04
      1659.01
      1660.01
      1661.00
      1661.97
      1662.97
      1664.02
      1665.04
      1666.02
      1667.00
      1668.01
      1669.02
      1670.01
      1670.95
      1671.97
      1673.03
      1674.03
      1675.01
      1676.03
      1677.04
      1678.02
      1678.93
      1679.94
      1681.04
      1682.03
      1683.01
      1684.03
      1685.04
      1686.01
      1686.94
      1687.95
      1689.03
      1690.03
      1691.01
      1692.02
      1693.04
      1694.02
      1694.94
      1695.95
      1697.04
      1698.03
      1699.01
      1700.03
      1701.03
      1702.01
      1702.95
      1703.96
      1705.03
      1706.03
      1707.01
      1708.03
      1709.04
      1710.03
      1710.94
      1711.94
      1713.03
      1714.04
      1715.02
      1716.02
      1717.02
      1718.00
      1718.95
      1719.97
      1721.05
      1722.04
      1723.02
      1724.02
      1725.02
      1725.99
      1726.93
      1727.97
      1729.06
      1730.05
      1731.02
      1732.01
      1733.02
      1734.01
      1734.95
      1735.96
      1737.03
      1738.02
      1739.00
      1740.02
      1741.04
      1742.03
      1742.94
      1743.94
      1745.03
      1746.02
      1747.01
      1748.03
      1749.03
      1750.01
      1750.94
      1751.96
      1753.04
      1754.03
      1755.01
      1756.03
      1757.04
      1758.01
      1758.92
      1759.94
      1761.05
      1762.05
      1763.02
      1764.01
      1765.02
      1766.01
      1766.96
      1767.96
      1769.03
      1770.02
      1771.01
      1772.02
      1773.04
      1774.02
      1774.95
      1775.96
      1777.04
      1778.03
      1779.01
      1780.02
      1781.02
      1782.01
      1782.95
      1783.96
      1785.04
      1786.04
      1787.03
      1788.04
      1789.04
      1790.02
      1790.87
      1791.91
      1793.09
      1794.07
      1795.03
      1796.03
      1797.03
      1797.99
      1798.93
      1799.94
      1801.02
      1802.04
      1803.03
      1804.03
      1805.05
      1806.03
      1806.92
      1807.92
      1809.04
      1810.03
      1811.02
      1812.03
      1813.04
      1814.02
      1814.93
      1815.95
      1817.03
      1818.03
      1819.01
      1820.02
      1821.05
      1822.03
      1822.92
      1823.94
      1825.05
      1826.04
      1827.01
      1828.02
      1829.03
      1830.02
      1830.95
      1831.95
      1833.03
      1834.03
      1835.01
      1836.03
      1837.05
      1838.04
      1838.94
      1839.93
      1841.04
      1842.04
      1843.02
      1844.02
      1845.03
      1846.01
      1846.96
      1847.96
      1849.04
      1850.04
      1851.02
      1852.03
      1853.03
      1854.00
      1854.93
      1855.97
      1857.06
      1858.04
      1859.02
      1860.02
      1861.03
      1862.01
      1862.95
      1863.95
      1865.02
      1866.03
      1867.01
      1868.03
      1869.05
      1870.03
      1870.93
      1871.93
      1873.04
      1874.03
      1875.01
      1876.02
      1877.04
      1878.02
      1878.94
      1879.95
      1881.04
      1882.04
      1883.01
      1884.01
      1885.04
      1886.04
      1886.92
      1887.94
      1889.06
      1890.04
      1891.01
      1892.02
      1893.04
      1894.02
      1894.95
      1895.95
      1897.03
      1898.03
      1899.01
      1900.03
      1901.05
      1902.04
      1902.94
      1903.94
      1905.04
      1906.03
      1907.01
      1908.02
      1909.04
      1910.03
      1910.95
      1911.96
      1913.04
      1914.05
      1915.02
      1916.01
      1917.01
      1917.98
      1918.96
      1920.01
      1921.05
      1922.03
      1923.00
      1924.01
      1925.03
      1926.01
      1926.95
      1927.96
      1929.03
      1930.03
      1931.01
      1932.03
      1933.05
      1934.03
      1934.94
      1935.94
      1937.04
      1938.03
      1939.01
      1940.02
      1941.04
      1942.02
      1942.95
      1943.96
      1945.03
      1946.03
      1947.01
      1948.03
      1949.05
      1950.03
      1950.92
      1951.94
      1953.05
      1954.04
      1955.02
      1956.02
      1957.03
      1958.02
      1958.96
      1959.96
      1961.03
      1962.03
      1963.01
      1964.02
      1965.04
      1966.03
      1966.94
      1967.94
      1969.04
      1970.04
      1971.02
      1972.02
      1973.02
      1974.01
      1974.95
      1975.96
      1977.04
      1978.05
      1979.03
      1980.03
      1981.03
      1982.00
      1982.92
      1983.97
      1985.06
      1986.04
      1987.02
      1988.02
      1989.02
      1990.01
      1990.96
      1991.96
      1993.02
      1994.02
      1995.01
      1996.03
      1997.05
      1998.04
      1998.94
      1999.94
      2001.03
      2002.03
      2003.01
      2004.03
      2005.04
      2006.02
      2006.94
      2007.95
      2009.03
      2010.04
      2011.01
      2012.03
      2013.05
      2014.03
      2014.91
      2015.93
      2017.06
      2018.05
      2019.02
      2020.03
      2021.03
      2022.01
      2022.95
      2023.96
      2025.02
      2026.01
      2026.99
      2028.00
      2029.03
      2030.04
      2030.97
      2031.99
      2033.09
      2034.09
      2035.05
      2036.01
      2036.95
      2037.89
      2038.82
      2039.88
      2041.08
      2042.29
      2043.55
      2044.69
      2045.40
      2045.69
      2045.72
      2047.42
      2049.54
      2050.34
      2051.13
      2051.96
      2052.84
      2053.75
      2054.72
      2055.77
      2056.88
      2057.95
      2058.98
      2060.01
      2061.01
      2061.98
      2062.89
      2063.88
      2064.94
      2065.93
      2066.92
      2067.93
      2068.95
      2069.93
      2070.90
      2071.90
      2072.95
      2073.95
      2074.94
      2075.95
      2076.96
      2077.94
      2078.86
      2079.88
      2080.96
      2081.96
      2082.94
      2083.95
      2084.95
      2085.93
      2086.89
      2087.89
      2088.94
      2089.95
      2090.94
      2091.95
      2092.97
      2093.96
      2094.86
      2095.87
      2096.96
      2097.96
      2098.94
      2099.95
      2100.95
      2101.94
      2102.89
      2103.89
      2104.95
      2105.96
      2106.94
      2107.96
      2108.97
      2109.93
      2110.85
      2111.88
      2112.97
      2113.97
      2114.95
      2115.94
      2116.94
      2117.93
      2118.90
      2119.89
      2120.93
      2121.94
      2122.93
      2123.95
      2124.97
      2125.96
      2126.88
      2127.87
      2128.95
      2129.95
      2130.93
      2131.94
      2132.95
      2133.94
      2134.90
      2135.90
      2136.95
      2137.95
      2138.93
      2139.94
      2140.96
      2141.95
      2142.86
      2143.88
      2144.97
      2145.96
      2146.94
      2147.94
      2148.94
      2149.93
      2150.89
      2151.90
      2152.95
      2153.94
      2154.93
      2155.95
      2156.97
      2157.97
      2158.88
      2159.87
      2160.95
      2161.96
      2162.93
      2163.93
      2164.95
      2165.95
      2166.90
      2167.91
      2168.96
      2169.96
      2170.93
      2171.93
      2172.94
      2173.91
      2174.89
      2175.94
      2176.97
      2177.96
      2178.93
      2179.93
      2180.94
      2181.93
      2182.89
      2183.91
      2184.95
      2185.95
      2186.93
      2187.94
      2188.97
      2189.95
      2190.88
      2191.89
      2192.96
      2193.95
      2194.93
      2195.94
      2196.95
      2197.94
      2198.88
      2199.89
      2200.96
      2201.96
      2202.93
      2203.95
      2204.97
      2205.95
      2206.85
      2207.87
      2208.97
      2209.97
      2210.94
      2211.95
      2212.96
      2213.94
      2214.88
      2215.89
      2216.95
      2217.95
      2218.93
      2219.95
      2220.97
      2221.96
      2222.87
      2223.87
      2224.97
      2225.96
      2226.94
      2227.94
      2228.95
      2229.94
      2230.89
      2231.89
      2232.97
      2233.97
      2234.93
      2235.94
      2236.96
      2237.93
      2238.85
      2239.89
      2240.98
      2241.96
      2242.94
      2243.95
      2244.95
      2245.94
      2246.89
      2247.89
      2248.94
      2249.94
      2250.93
      2251.94
      2252.98
      2253.97
      2254.89
      2255.88
      2256.95
      2257.94
      2258.92
      2259.94
      2260.96
      2261.95
      2262.90
      2263.90
      2264.95
      2265.95
      2266.92
      2267.94
      2268.97
      2269.96
      2270.86
      2271.87
      2272.98
      2273.96
      2274.94
      2275.94
      2276.95
      2277.95
      2278.89
      2279.89
      2280.94
      2281.94
      2282.93
      2283.94
      2284.98
      2285.97
      2286.87
      2287.87
      2288.96
      2289.96
      2290.94
      2291.94
      2292.96
      2293.94
      2294.88
      2295.89
      2296.96
      2297.97
      2298.94
      2299.95
      2300.96
      2301.94
      2302.82
      2303.87
      2305.01
      2305.99
      2306.95
      2307.94
      2308.94
      2309.92
      2310.88
      2311.90
      2312.95
      2313.96
      2314.94
      2315.95
      2316.97
      2317.95
      2318.87
      2319.88
      2320.96
      2321.96
      2322.94
      2323.95
      2324.95
      2325.93
      2326.89
      2327.89
      2328.95
      2329.96
      2330.94
      2331.95
      2332.97
      2333.94
      2334.85
      2335.87
      2336.97
      2337.97
      2338.94
      2339.94
      2340.95
      2341.94
      2342.89
      2343.89
      2344.94
      2345.95
      2346.93
      2347.95
      2348.98
      2349.96
      2350.86
      2351.87
      2352.97
      2353.96
      2354.93
      2355.93
      2356.96
      2357.94
      2358.89
      2359.90
      2360.97
      2361.96
      2362.92
      2363.94
      2364.97
      2365.94
      2366.85
      2367.89
      2368.98
      2369.97
      2370.94
      2371.93
      2372.95
      2373.93
      2374.89
      2375.90
      2376.95
      2377.95
      2378.93
      2379.94
      2380.97
      2381.96
      2382.88
      2383.88
      2384.95
      2385.95
      2386.93
      2387.94
      2388.96
      2389.94
      2390.90
      2391.90
      2392.94
      2393.95
      2394.93
      2395.94
      2396.97
      2397.96
      2398.86
      2399.88
      2400.97
      2401.96
      2402.94
      2403.94
      2404.96
      2405.94
      2406.90
      2407.90
      2408.94
      2409.94
      2410.92
      2411.94
      2412.99
      2413.98
      2414.87
      2415.87
      2416.96
      2417.96
      2418.92
      2419.92
      2420.96
      2421.96
      2422.90
      2423.90
      2424.97
      2425.96
      2426.93
      2427.93
      2428.94
      2429.91
      2430.88
      2431.93
      2432.99
      2433.97
      2434.93
      2435.92
      2436.94
      2437.93
      2438.89
      2439.90
      2440.96
      2441.96
      2442.93
      2443.94
      2444.97
      2445.96
      2446.87
      2447.87
      2448.96
      2449.96
      2450.94
      2451.94
      2452.96
      2453.94
      2454.89
      2455.89
      2456.95
      2457.96
      2458.93
      2459.94
      2460.98
      2461.97
      2462.85
      2463.86
      2464.98
      2465.97
      2466.95
      2467.94
      2468.96
      2469.94
      2470.87
      2471.88
      2472.96
      2473.96
      2474.93
      2475.94
      2476.99
      2477.97
      2478.85
      2479.85
      2480.97
      2481.97
      2482.94
      2483.95
      2484.97
      2485.95
      2486.87
      2487.88
      2488.97
      2489.97
      2490.93
      2491.94
      2492.97
      2493.94
      2494.85
      2495.90
      2497.00
      2497.98
      2498.92
      2499.92
      2500.95
      2501.94
      2502.89
      2503.90
      2504.96
      2505.96
      2506.93
      2507.94
      2508.97
      2509.97
      2510.87
      2511.87
      2512.96
      2513.96
      2514.94
      2515.94
      2516.96
      2517.94
      2518.89
      2519.89
      2520.95
      2521.95
      2522.92
      2523.94
      2524.98
      2525.97
      2526.85
      2527.86
      2528.98
      2529.97
      2530.93
      2531.94
      2532.97
      2533.95
      2534.89
      2535.88
      2536.95
      2537.95
      2538.92
      2539.94
      2540.99
      2541.98
      2542.87
      2543.86
      2544.97
      2545.97
      2546.92
      2547.92
      2548.96
      2549.96
      2550.88
      2551.89
      2552.97
      2553.98
      2554.94
      2555.95
      2556.97
      2557.94
      2558.78
      2559.86
      2561.05
      2562.01
      2562.94
      2563.93
      2564.94
      2565.93
      2566.88
      2567.89
      2568.94
      2569.95
      2570.93
      2571.95
      2572.98
      2573.96
      2574.88
      2575.87
      2576.96
      2577.96
      2578.94
      2579.94
      2580.95
      2581.94
      2582.89
      2583.90
      2584.95
      2585.96
      2586.94
      2587.95
      2588.97
      2589.95
      2590.86
      2591.87
      2592.97
      2593.97
      2594.94
      2595.94
      2596.96
      2597.95
      2598.89
      2599.89
      2600.94
      2601.95
      2602.93
      2603.94
      2604.98
      2605.97
      2606.88
      2607.88
      2608.97
      2609.96
      2610.93
      2611.93
      2612.96
      2613.95
      2614.89
      2615.90
      2616.96
      2617.96
      2618.93
      2619.93
      2620.96
      2621.94
      2622.87
      2623.91
      2624.98
      2625.97
      2626.92
      2627.93
      2628.96
      2629.94
      2630.90
      2631.91
      2632.95
      2633.95
      2634.92
      2635.94
      2636.97
      2637.96
      2638.88
      2639.89
      2640.96
      2641.96
      2642.93
      2643.93
      2644.95
      2645.94
      2646.91
      2647.91
      2648.95
      2649.95
      2650.93
      2651.94
      2652.97
      2653.96
      2654.86
      2655.87
      2656.98
      2657.97
      2658.94
      2659.94
      2660.96
      2661.94
      2662.90
      2663.90
      2664.95
      2665.95
      2666.93
      2667.94
      2668.97
      2669.97
      2670.88
      2671.87
      2672.96
      2673.96
      2674.93
      2675.93
      2676.96
      2677.95
      2678.90
      2679.90
      2680.96
      2681.96
      2682.92
      2683.93
      2684.96
      2685.93
      2686.89
      2687.93
      2688.98
      2689.96
      2690.92
      2691.92
      2692.95
      2693.94
      2694.90
      2695.91
      2696.95
      2697.95
      2698.92
      2699.94
      2700.97
      2701.96
      2702.88
      2703.89
      2704.96
      2705.96
      2706.93
      2707.94
      2708.96
      2709.95
      2710.89
      2711.90
      2712.95
      2713.95
      2714.93
      2715.94
      2716.98
      2717.96
      2718.86
      2719.87
      2720.98
      2721.97
      2722.94
      2723.94
      2724.96
      2725.95
      2726.89
      2727.89
      2728.95
      2729.96
      2730.93
      2731.94
      2732.98
      2733.97
      2734.88
      2735.87
      2736.96
      2737.96
      2738.93
      2739.94
      2740.96
      2741.95
      2742.88
      2743.89
      2744.97
      2745.97
      2746.93
      2747.94
      2748.96
      2749.93
      2750.87
      2751.91
      2752.99
      2753.97
      2754.93
      2755.93
      2756.95
      2757.94
      2758.90
      2759.91
      2760.96
      2761.95
      2762.91
      2763.93
      2764.97
      2765.96
      2766.90
      2767.90
      2768.97
      2769.96
      2770.92
      2771.93
      2772.95
      2773.94
      2774.90
      2775.91
      2776.96
      2777.96
      2778.93
      2779.94
      2780.97
      2781.96
      2782.86
      2783.87
      2784.98
      2785.97
      2786.94
      2787.94
      2788.96
      2789.94
      2790.90
      2791.90
      2792.95
      2793.95
      2794.92
      2795.94
      2796.98
      2797.98
      2798.88
      2799.88
      2800.96
      2801.96
      2802.93
      2803.93
      2804.96
      2805.96
      2806.90
      2807.90
      2808.97
      2809.97
      2810.93
      2811.94
      2812.98
      2813.96
      2814.83
      2815.87
      2817.01
      2817.99
      2818.94
      2819.93
      2820.95
      2821.94
      2822.89
      2823.90
      2824.96
      2825.96
      2826.92
      2827.94
      2828.98
      2829.97
      2830.89
      2831.88
      2832.95
      2833.96
      2834.92
      2835.93
      2836.97
      2837.95
      2838.90
      2839.90
      2840.95
      2841.96
      2842.93
      2843.94
      2844.97
      2845.96
      2846.87
      2847.88
      2848.98
      2849.97
      2850.94
      2851.94
      2852.96
      2853.94
      2854.89
      2855.89
      2856.95
      2857.96
      2858.93
      2859.94
      2860.98
      2861.97
      2862.87
      2863.88
      2864.97
      2865.97
      2866.93
      2867.93
      2868.96
      2869.95
      2870.89
      2871.90
      2872.97
      2873.97
      2874.93
      2875.93
      2876.96
      2877.94
      2878.88
      2879.92
      2880.99
      2881.97
      2882.92
      2883.92
      2884.96
      2885.95
      2886.91
      2887.91
      2888.96
      2889.96
      2890.92
      2891.93
      2892.97
      2893.97
      2894.89
      2895.89
      2896.97
      2897.96
      2898.92
      2899.93
      2900.96
      2901.95
      2902.91
      2903.91
      2904.95
      2905.95
      2906.92
      2907.94
      2908.98
      2909.97
      2910.87
      2911.89
      2912.98
      2913.96
      2914.93
      2915.93
      2916.95
      2917.95
      2918.92
      2919.92
      2920.95
      2921.95
      2922.92
      2923.93
      2924.97
      2925.97
      2926.89
      2927.89
      2928.97
      2929.96
      2930.92
      2931.93
      2932.96
      2933.95
      2934.91
      2935.91
      2936.96
      2937.96
      2938.94
      2939.95
      2940.96
      2941.92
      2942.88
      2943.92
      2944.98
      2945.97
      2946.93
      2947.94
      2948.96
      2949.94
      2950.89
      2951.90
      2952.96
      2953.96
      2954.92
      2955.94
      2956.98
      2957.97
      2958.88
      2959.89
      2960.97
      2961.96
      2962.92
      2963.93
      2964.97
      2965.96
      2966.90
      2967.90
      2968.96
      2969.96
      2970.93
      2971.94
      2972.98
      2973.96
      2974.86
      2975.87
      2976.98
      2977.98
      2978.94
      2979.94
      2980.96
      2981.95
      2982.89
      2983.89
      2984.95
      2985.96
      2986.93
      2987.94
      2988.98
      2989.97
      2990.88
      2991.87
      2992.97
      2993.96
      2994.93
      2995.94
      2996.97
      2997.96
      2998.89
      2999.90
      3000.97
      3001.97
      3002.93
      3003.94
      3004.97
      3005.94
      3006.86
      3007.90
      3008.99
      3009.98
      3010.93
      3011.93
      3012.95
      3013.94
      3014.90
      3015.91
      3016.95
      3017.96
      3018.93
      3019.94
      3020.97
      3021.97
      3022.89
      3023.89
      3024.96
      3025.96
      3026.93
      3027.94
      3028.96
      3029.95
      3030.90
      3031.91
      3032.96
      3033.96
      3034.93
      3035.94
      3036.98
      3037.96
      3038.86
      3039.88
      3040.98
      3041.97
      3042.94
      3043.94
      3044.96
      3045.94
      3046.90
      3047.90
      3048.95
      3049.95
      3050.93
      3051.95
      3052.99
      3053.98
      3054.89
      3055.88
      3056.95
      3057.94
      3058.91
      3059.92
      3060.96
      3061.97
      3062.95
      3063.96
      3065.00
      3065.98
      3066.91
      3067.86
      3068.80
      3069.71
      3071.16
      3072.31
      3072.89
      3073.84
      3074.84
      3075.86
      3076.90
      3077.92
      3078.94
      3079.96
      3080.97
      3081.95
      3082.93
      3083.93
      3084.95
      3085.93
      3086.89
      3087.90
      3088.95
      3089.95
      3090.93
      3091.94
      3092.95
      3093.94
      3094.91
      3095.92
      3096.93
      3097.94
      3098.93
      3099.94
      3100.96
      3101.94
      3102.89
      3103.90
      3104.96
      3105.95
      3106.93
      3107.94
      3108.94
      3109.92
      3110.91
      3111.92
      3112.94
      3113.94
      3114.92
      3115.94
      3116.96
      3117.95
      3118.90
      3119.90
      3120.95
      3121.94
      3122.93
      3123.94
      3124.94
      3125.93
      3126.93
      3127.93
      3128.93
      3129.94
      3130.93
      3131.94
      3132.96
      3133.94
      3134.87
      3135.90
      3136.98
      3137.96
      3138.93
      3139.93
      3140.93
      3141.92
      3142.93
      3143.92
      3144.92
      3145.93
      3146.94
      3147.95
      3148.96
      3149.95
      3150.90
      3151.90
      3152.94
      3153.94
      3154.94
      3155.94
      3156.94
      3157.93
      3158.93
      3159.93
      3160.93
      3161.93
      3162.93
      3163.94
      3164.95
      3165.94
      3166.90
      3167.91
      3168.96
      3169.95
      3170.93
      3171.94
      3172.93
      3173.92
      3174.93
      3175.93
      3176.93
      3177.94
      3178.93
      3179.94
      3180.95
      3181.95
      3182.91
      3183.90
      3184.95
      3185.94
      3186.93
      3187.93
      3188.93
      3189.92
      3190.93
      3191.93
      3192.94
      3193.95
      3194.94
      3195.93
      3196.92
      3197.89
      3198.92
      3199.96
      3200.96
      3201.95
      3202.93
      3203.93
      3204.93
      3205.91
      3206.92
      3207.93
      3208.94
      3209.94
      3210.93
      3211.94
      3212.95
      3213.94
      3214.90
      3215.91
      3216.94
      3217.94
      3218.94
      3219.94
      3220.94
      3221.93
      3222.92
      3223.92
      3224.93
      3225.94
      3226.93
      3227.95
      3228.95
      3229.94
      3230.89
      3231.90
      3232.96
      3233.95
      3234.94
      3235.94
      3236.94
      3237.93
      3238.92
      3239.92
      3240.93
      3241.93
      3242.93
      3243.95
      3244.96
      3245.95
      3246.90
      3247.89
      3248.95
      3249.95
      3250.93
      3251.94
      3252.94
      3253.93
      3254.92
      3255.92
      3256.94
      3257.94
      3258.94
      3259.95
      3260.96
      3261.93
      3262.86
      3263.89
      3264.98
      3265.96
      3266.95
      3267.95
      3268.93
      3269.91
      3270.92
      3271.92
      3272.92
      3273.93
      3274.94
      3275.95
      3276.96
      3277.95
      3278.90
      3279.89
      3280.94
      3281.94
      3282.94
      3283.95
      3284.94
      3285.92
      3286.92
      3287.93
      3288.93
      3289.94
      3290.94
      3291.95
      3292.96
      3293.94
      3294.88
      3295.90
      3296.96
      3297.95
      3298.95
      3299.95
      3300.94
      3301.92
      3302.92
      3303.92
      3304.92
      3305.92
      3306.94
      3307.96
      3308.96
      3309.95
      3310.90
      3311.90
      3312.95
      3313.95
      3314.94
      3315.94
      3316.93
      3317.92
      3318.93
      3319.93
      3320.93
      3321.95
      3322.94
      3323.95
      3324.96
      3325.95
      3326.84
      3327.88
      3328.99
      3329.97
      3330.95
      3331.94
      3332.93
      3333.92
      3334.92
      3335.93
      3336.93
      3337.94
      3338.93
      3339.94
      3340.95
      3341.95
      3342.90
      3343.90
      3344.95
      3345.95
      3346.94
      3347.94
      3348.94
      3349.93
      3350.91
      3351.92
      3352.94
      3353.94
      3354.93
      3355.95
      3356.97
      3357.95
      3358.88
      3359.89
      3360.96
      3361.95
      3362.94
      3363.94
      3364.95
      3365.93
      3366.91
      3367.92
      3368.94
      3369.94
      3370.93
      3371.94
      3372.96
      3373.96
      3374.89
      3375.89
      3376.96
      3377.95
      3378.93
      3379.93
      3380.94
      3381.93
      3382.91
      3383.92
      3384.95
      3385.95
      3386.93
      3387.94
      3388.96
      3389.93
      3390.85
      3391.90
      3392.99
      3393.97
      3394.94
      3395.94
      3396.93
      3397.91
      3398.92
      3399.93
      3400.93
      3401.93
      3402.94
      3403.95
      3404.96
      3405.95
      3406.90
      3407.90
      3408.93
      3409.94
      3410.94
      3411.95
      3412.94
      3413.93
      3414.93
      3415.94
      3416.93
      3417.92
      3418.93
      3419.94
      3420.95
      3421.94
      3422.90
      3423.91
      3424.95
      3425.94
      3426.94
      3427.94
      3428.93
      3429.92
      3430.93
      3431.93
      3432.92
      3433.92
      3434.94
      3435.95
      3436.96
      3437.96
      3438.90
      3439.90
      3440.95
      3441.94
      3442.93
      3443.94
      3444.94
      3445.93
      3446.93
      3447.94
      3448.94
      3449.94
      3450.94
      3451.93
      3452.93
      3453.90
      3454.92
      3455.96
      3456.96
      3457.94
      3458.93
      3459.93
      3460.94
      3461.92
      3462.92
      3463.92
      3464.94
      3465.94
      3466.93
      3467.94
      3468.96
      3469.95
      3470.89
      3471.89
      3472.95
      3473.95
      3474.93
      3475.94
      3476.95
      3477.94
      3478.91
      3479.91
      3480.94
      3481.95
      3482.93
      3483.94
      3484.97
      3485.96
      3486.86
      3487.87
      3488.98
      3489.97
      3490.94
      3491.94
      3492.95
      3493.93
      3494.89
      3495.90
      3496.95
      3497.95
      3498.93
      3499.94
      3500.97
      3501.96
      3502.88
      3503.88
      3504.96
      3505.96
      3506.94
      3507.94
      3508.95
      3509.94
      3510.90
      3511.90
      3512.94
      3513.96
      3514.95
      3515.96
      3516.96
      3517.94
      3518.84
      3519.88
      3520.99
      3521.97
      3522.95
      3523.95
      3524.94
      3525.92
      3526.91
      3527.92
      3528.92
      3529.93
      3530.94
      3531.96
      3532.96
      3533.96
      3534.90
      3535.90
      3536.94
      3537.94
      3538.94
      3539.94
      3540.94
      3541.93
      3542.93
      3543.93
      3544.93
      3545.93
      3546.95
      3547.96
      3548.95
      3549.94
      3550.89
      3551.91
      3552.95
      3553.94
      3554.95
      3555.95
      3556.93
      3557.93
      3558.93
      3559.92
      3560.92
      3561.93
      3562.94
      3563.96
      3564.96
      3565.95
      3566.90
      3567.89
      3568.95
      3569.96
      3570.95
      3571.94
      3572.92
      3573.91
      3574.91
      3575.92
      3576.94
      3577.96
      3578.98
      3580.00
      3581.00
      3581.91
      3582.70
      3583.84
      3585.07
      3586.01
      3586.98
      3587.95
      3588.92
      3589.89
      3590.90
      3591.92
      3592.92
      3593.93
      3594.94
      3595.96
      3596.96
      3597.96
      3598.91
      3599.90
      3600.94
      3601.93
      3602.93
      3603.94
      3604.94
      3605.93
      3606.92
      3607.92
      3608.93
      3609.93
      3610.94
      3611.95
      3612.96
      3613.94
      3614.88
      3615.89
      3616.96
      3617.95
      3618.95
      3619.95
      3620.94
      3621.93
      3622.92
      3623.91
      3624.92
      3625.93
      3626.93
      3627.95
      3628.96
      3629.96
      3630.90
      3631.90
      3632.95
      3633.95
      3634.94
      3635.94
      3636.94
      3637.93
      3638.92
      3639.93
      3640.94
      3641.94
      3642.94
      3643.95
      3644.95
      3645.94
      3646.86
      3647.89
      3648.98
      3649.96
      3650.95
      3651.95
      3652.93
      3653.91
      3654.93
      3655.93
      3656.92
      3657.93
      3658.94
      3659.96
      3660.95
      3661.95
      3662.91
      3663.91
      3664.94
      3665.93
      3666.94
      3667.94
      3668.92
      3669.92
      3670.94
      3671.94
      3672.92
      3673.93
      3674.95
      3675.95
      3676.93
      3677.93
      3678.91
      3679.92
      3680.94
      3681.94
      3682.96
      3683.95
      3684.92
      3685.91
      3686.93
      3687.94
      3688.92
      3689.92
      3690.95
      3691.96
      3692.95
      3693.95
      3694.91
      3695.90
      3696.94
      3697.93
      3698.94
      3699.95
      3700.93
      3701.93
      3702.94
      3703.94
      3704.93
      3705.94
      3706.95
      3707.94
      3708.92
      3709.89
      3710.92
      3711.97
      3712.95
      3713.93
      3714.94
      3715.94
      3716.93
      3717.92
      3718.93
      3719.93
      3720.92
      3721.93
      3722.95
      3723.96
      3724.95
      3725.94
      3726.89
      3727.90
      3728.95
      3729.95
      3730.94
      3731.94
      3732.94
      3733.93
      3734.92
      3735.92
      3736.93
      3737.94
      3738.94
      3739.95
      3740.96
      3741.94
      3742.88
      3743.89
      3744.96
      3745.95
      3746.95
      3747.95
      3748.94
      3749.93
      3750.90
      3751.91
      3752.93
      3753.94
      3754.95
      3755.96
      3756.96
      3757.94
      3758.89
      3759.89
      3760.95
      3761.95
      3762.95
      3763.95
      3764.94
      3765.93
      3766.91
      3767.91
      3768.94
      3769.95
      3770.95
      3771.96
      3772.96
      3773.94
      3774.85
      3775.88
      3776.98
      3777.97
      3778.96
      3779.95
      3780.93
      3781.92
      3782.92
      3783.92
      3784.92
      3785.93
      3786.95
      3787.96
      3788.95
      3789.95
      3790.91
      3791.91
      3792.93
      3793.93
      3794.95
      3795.95
      3796.93
      3797.93
      3798.94
      3799.93
      3800.92
      3801.93
      3802.95
      3803.95
      3804.93
      3805.93
      3806.91
      3807.92
      3808.95
      3809.94
      3810.95
      3811.95
      3812.93
      3813.92
      3814.94
      3815.93
      3816.92
      3817.93
      3818.95
      3819.96
      3820.95
      3821.95
      3822.91
      3823.91
      3824.94
      3825.94
      3826.95
      3827.94
      3828.93
      3829.92
      3830.93
      3831.93
      3832.93
      3833.94
      3834.95
      3835.97
      3836.96
      3837.95
      3838.82
      3839.87
      3841.00
      3841.97
      3842.96
      3843.95
      3844.93
      3845.91
      3846.92
      3847.92
      3848.92
      3849.93
      3850.95
      3851.96
      3852.95
      3853.94
      3854.90
      3855.90
      3856.95
      3857.94
      3858.95
      3859.94
      3860.93
      3861.92
      3862.93
      3863.93
      3864.93
      3865.94
      3866.95
      3867.96
      3868.94
      3869.93
      3870.88
      3871.90
      3872.97
      3873.96
      3874.95
      3875.94
      3876.93
      3877.92
      3878.92
      3879.92
      3880.92
      3881.93
      3882.95
      3883.96
      3884.95
      3885.94
      3886.89
      3887.89
      3888.95
      3889.95
      3890.96
      3891.95
      3892.92
      3893.92
      3894.93
      3895.93
      3896.92
      3897.93
      3898.95
      3899.97
      3900.96
      3901.95
      3902.85
      3903.88
      3904.98
      3905.96
      3906.96
      3907.96
      3908.93
      3909.91
      3910.92
      3911.93
      3912.91
      3913.93
      3914.95
      3915.97
      3916.95
      3917.94
      3918.91
      3919.90
      3920.93
      3921.93
      3922.96
      3923.96
      3924.92
      3925.92
      3926.94
      3927.95
      3928.91
      3929.92
      3930.95
      3931.96
      3932.93
      3933.92
      3934.92
      3935.93
      3936.94
      3937.93
      3938.96
      3939.95
      3940.92
      3941.91
      3942.95
      3943.95
      3944.91
      3945.92
      3946.95
      3947.96
      3948.94
      3949.95
      3950.92
      3951.91
      3952.94
      3953.94
      3954.95
      3955.94
      3956.93
      3957.93
      3958.95
      3959.95
      3960.93
      3961.93
      3962.95
      3963.94
      3964.92
      3965.91
      3966.93
      3967.97
      3968.95
      3969.93
      3970.94
      3971.94
      3972.93
      3973.92
      3974.93
      3975.94
      3976.93
      3977.93
      3978.95
      3979.96
      3980.94
      3981.94
      3982.90
      3983.90
      3984.95
      3985.94
      3986.95
      3987.95
      3988.94
      3989.93
      3990.92
      3991.93
      3992.93
      3993.94
      3994.95
      3995.96
      3996.95
      3997.94
      3998.89
      3999.90
      4000.98
      4001.96
      4002.94
      4003.94
      4004.93
      4005.93
      4006.93
      4007.92
      4008.93
      4009.94
      4010.95
      4011.96
      4012.96
      4013.95
      4014.90
      4015.90
      4016.95
      4017.94
      4018.94
      4019.95
      4020.95
      4021.94
      4022.92
      4023.92
      4024.93
      4025.95
      4026.96
      4027.96
      4028.95
      4029.94
      4030.85
      4031.89
      4033.00
      4033.97
      4034.96
      4035.95
      4036.93
      4037.92
      4038.93
      4039.93
      4040.92
      4041.92
      4042.94
      4043.96
      4044.96
      4045.96
      4046.91
      4047.91
      4048.94
      4049.94
      4050.95
      4051.94
      4052.92
      4053.92
      4054.94
      4055.94
      4056.93
      4057.94
      4058.95
      4059.95
      4060.93
      4061.93
      4062.91
      4063.92
      4064.95
      4065.94
      4066.95
      4067.95
      4068.93
      4069.93
      4070.95
      4071.93
      4072.91
      4073.92
      4074.95
      4075.96
      4076.95
      4077.95
      4078.91
      4079.91
      4080.94
      4081.93
      4082.95
      4083.95
      4084.93
      4085.92
      4086.95
      4087.95
      4088.92
      4089.93
      4090.96
      4091.96
      4092.93
      4093.91
      4094.92
