PDS_VERSION_ID         = PDS3
RECORD_TYPE            = STREAM
OBJECT                 = TEXT
  PUBLICATION_DATE     = 2019-04-02
  INTERCHANGE_FORMAT   = ASCII
  NOTE                 = "File contaning bitweight corrrection for WAC, gain 
                         state 2, and temperature +5 degrees Celsius derived 
                         during ground calibration."
END_OBJECT             = TEXT
END

\begindata
      0.00000
      1.00000
      2.00000
      3.00000
      4.00000
      5.00000
      6.00000
      7.00000
      8.00000
      9.00000
      10.0000
      11.0000
      12.0000
      13.0000
      14.0000
      15.0000
      16.0000
      17.0000
      18.0000
      19.0000
      20.0000
      21.0000
      22.0000
      23.0000
      24.0000
      25.0000
      26.0000
      27.0000
      28.0000
      29.0000
      30.0000
      31.0000
      32.0000
      33.0000
      34.0000
      35.0000
      36.0000
      37.0000
      38.0000
      39.0000
      40.0000
      41.0000
      42.0000
      43.0000
      44.0000
      45.0000
      46.0000
      47.0000
      48.0000
      49.0000
      50.0000
      51.0000
      52.0000
      53.0000
      54.0000
      55.0000
      56.0000
      57.0000
      58.0000
      59.0000
      60.0000
      61.0000
      62.0000
      63.0000
      64.0000
      65.0000
      66.0000
      67.0000
      68.0000
      69.0000
      70.0000
      71.0000
      72.0000
      73.0000
      74.0000
      75.0000
      76.0000
      77.0000
      78.0000
      79.0000
      80.0000
      81.0000
      82.0000
      83.0000
      84.0000
      85.0000
      86.0000
      87.0000
      88.0000
      89.0000
      90.0000
      91.0200
      92.0100
      92.9900
      93.9700
      94.9300
      95.9500
      97.0300
      98.0300
      99.0200
      100.010
      100.970
      101.950
      102.980
      104.000
      104.990
      105.990
      107.000
      108.020
      109.010
      110.000
      110.980
      111.970
      113.000
      113.990
      115.020
      116.020
      116.980
      117.970
      119.000
      120.000
      121.000
      122.010
      123.020
      124.020
      124.980
      125.950
      126.970
      128.010
      129.020
      130.010
      131.000
      132.010
      132.990
      133.960
      134.970
      135.980
      137.000
      138.000
      139.000
      140.010
      141.010
      141.990
      142.970
      143.960
      144.990
      146.000
      147.020
      148.020
      148.980
      149.960
      150.970
      151.980
      152.990
      153.990
      155.010
      156.030
      157.010
      157.990
      158.940
      159.950
      161.010
      162.010
      163.020
      164.020
      164.990
      165.970
      166.980
      167.980
      168.970
      169.980
      171.010
      172.040
      173.020
      174.000
      174.960
      175.950
      176.990
      177.990
      179.030
      180.040
      180.990
      181.970
      182.980
      183.980
      184.980
      186.000
      187.020
      188.030
      189.000
      189.970
      190.940
      191.970
      193.020
      194.010
      195.010
      196.010
      196.980
      197.970
      198.980
      199.990
      200.980
      201.980
      203.000
      204.020
      205.010
      205.990
      206.970
      207.960
      208.980
      209.990
      211.020
      212.030
      212.990
      213.970
      214.980
      215.980
      216.970
      217.970
      219.010
      220.040
      221.020
      222.010
      222.950
      223.950
      225.000
      225.990
      227.020
      228.020
      228.990
      229.980
      231.000
      231.990
      232.970
      233.980
      235.010
      236.030
      237.010
      238.000
      238.970
      239.960
      240.980
      241.990
      243.030
      244.030
      244.980
      245.960
      246.990
      248.000
      248.990
      249.990
      251.010
      252.020
      253.010
      253.990
      254.930
      255.950
      257.040
      258.020
      259.000
      260.000
      261.000
      261.980
      262.970
      263.980
      264.990
      265.990
      266.980
      268.000
      269.020
      270.000
      270.970
      271.970
      272.990
      273.990
      274.990
      276.010
      277.000
      277.980
      278.980
      279.980
      280.990
      281.990
      283.000
      284.020
      285.010
      285.990
      286.960
      287.970
      289.010
      289.990
      291.010
      292.030
      293.000
      293.980
      294.980
      295.990
      296.980
      297.980
      299.020
      300.040
      301.010
      301.990
      302.970
      303.970
      304.990
      305.990
      307.030
      308.030
      308.990
      309.970
      310.980
      312.000
      312.990
      313.990
      315.020
      316.030
      317.000
      317.970
      318.940
      319.970
      321.030
      322.020
      323.010
      324.010
      325.000
      325.970
      326.980
      327.990
      328.990
      329.990
      331.000
      332.020
      333.020
      333.990
      334.970
      335.970
      336.990
      338.000
      339.020
      340.030
      341.000
      341.970
      342.980
      343.990
      344.990
      345.990
      347.010
      348.030
      349.020
      349.990
      350.950
      351.960
      353.000
      353.990
      355.030
      356.040
      356.990
      357.970
      358.990
      359.990
      360.980
      361.980
      363.020
      364.030
      365.010
      366.010
      366.980
      367.960
      368.980
      369.980
      371.030
      372.040
      372.980
      373.970
      374.990
      375.990
      376.990
      377.990
      379.020
      380.030
      380.990
      381.960
      382.970
      384.000
      385.010
      386.000
      387.010
      388.020
      389.000
      389.970
      390.980
      391.980
      392.990
      393.990
      395.010
      396.030
      397.010
      397.990
      398.970
      399.980
      400.990
      401.980
      403.010
      404.030
      405.000
      405.980
      406.980
      407.980
      408.980
      409.980
      411.020
      412.040
      413.010
      413.990
      414.950
      415.960
      417.000
      418.000
      419.040
      420.040
      420.980
      421.970
      423.000
      424.000
      424.970
      425.970
      427.020
      428.030
      429.000
      430.000
      430.980
      431.970
      432.990
      433.990
      435.030
      436.050
      436.990
      437.970
      438.980
      439.990
      440.990
      442.000
      443.030
      444.040
      445.010
      445.980
      446.930
      447.960
      449.020
      450.020
      451.030
      452.030
      452.990
      453.970
      454.970
      455.980
      456.980
      457.990
      459.010
      460.030
      461.010
      461.990
      462.980
      463.970
      464.990
      465.990
      467.020
      468.030
      468.990
      469.970
      470.980
      471.990
      472.980
      473.990
      475.020
      476.040
      477.010
      477.990
      478.950
      479.960
      481.000
      481.990
      483.040
      484.040
      484.980
      485.970
      486.990
      488.000
      488.970
      489.970
      491.020
      492.050
      493.010
      494.000
      494.970
      495.960
      496.980
      497.980
      499.030
      500.040
      500.990
      501.970
      502.990
      504.000
      505.000
      505.990
      507.010
      508.010
      508.960
      509.920
      511.050
      512.080
      512.970
      513.970
      514.990
      516.010
      517.000
      517.990
      518.980
      519.990
      520.990
      521.990
      523.000
      524.020
      525.020
      526.000
      526.970
      527.970
      528.990
      529.990
      531.010
      532.020
      533.000
      533.980
      534.980
      535.990
      536.990
      537.990
      539.010
      540.030
      541.020
      541.990
      542.950
      543.960
      545.010
      546.000
      547.020
      548.030
      548.990
      549.970
      550.990
      551.990
      552.980
      553.980
      555.020
      556.040
      557.010
      558.000
      558.960
      559.960
      561.000
      561.990
      563.020
      564.030
      564.990
      565.980
      566.980
      567.990
      568.990
      569.990
      571.020
      572.040
      573.010
      573.970
      574.940
      575.970
      577.020
      578.000
      579.010
      580.020
      581.000
      581.990
      582.980
      583.980
      584.980
      585.980
      587.000
      588.020
      589.020
      590.000
      590.970
      591.970
      592.990
      593.990
      595.010
      596.020
      596.990
      597.980
      598.990
      599.990
      600.980
      601.970
      603.010
      604.040
      605.010
      606.000
      606.960
      607.960
      609.000
      609.990
      611.020
      612.030
      612.990
      613.980
      615.000
      616.000
      616.970
      617.970
      619.020
      620.040
      621.010
      622.000
      622.970
      623.970
      625.000
      625.990
      627.020
      628.020
      628.980
      629.970
      631.000
      632.010
      633.000
      633.980
      635.010
      636.020
      636.980
      637.960
      638.990
      640.020
      641.000
      641.990
      643.000
      644.020
      644.990
      645.970
      646.970
      647.980
      648.990
      649.990
      651.020
      652.030
      653.020
      653.990
      654.950
      655.960
      656.990
      657.990
      659.030
      660.040
      661.000
      661.980
      662.980
      663.980
      664.970
      665.980
      667.020
      668.050
      669.020
      669.990
      670.950
      671.960
      673.000
      674.000
      675.030
      676.040
      676.990
      677.970
      678.990
      680.000
      680.980
      681.980
      683.020
      684.050
      685.020
      686.000
      686.970
      687.960
      689.000
      690.000
      691.030
      692.040
      692.990
      693.970
      694.980
      695.990
      697.000
      698.000
      699.030
      700.050
      701.010
      701.970
      702.930
      703.970
      705.020
      706.020
      707.030
      708.030
      708.990
      709.970
      710.990
      712.000
      712.980
      713.980
      715.010
      716.040
      717.010
      717.990
      718.970
      719.970
      721.000
      722.000
      723.030
      724.030
      724.990
      725.970
      726.990
      727.990
      728.980
      729.990
      731.030
      732.040
      733.010
      733.990
      734.950
      735.960
      737.000
      737.990
      739.040
      740.050
      740.990
      741.970
      742.990
      743.990
      744.960
      745.980
      747.030
      748.050
      749.010
      750.000
      750.970
      751.970
      753.000
      753.990
      755.030
      756.040
      756.990
      757.970
      758.980
      759.990
      760.990
      762.000
      763.030
      764.050
      765.010
      765.990
      766.910
      767.940
      769.040
      770.030
      771.030
      772.030
      773.000
      773.970
      774.970
      775.980
      776.990
      778.000
      779.000
      780.020
      781.030
      782.000
      782.970
      783.970
      785.000
      786.000
      787.010
      788.020
      789.000
      789.980
      790.980
      791.990
      793.000
      794.000
      795.020
      796.030
      797.010
      797.980
      798.950
      799.980
      801.010
      802.000
      803.030
      804.030
      804.990
      805.970
      806.990
      807.990
      808.990
      809.990
      811.020
      812.040
      813.010
      814.000
      814.970
      815.970
      817.000
      818.000
      819.030
      820.040
      820.990
      821.980
      822.980
      823.990
      824.990
      825.990
      827.030
      828.050
      829.020
      829.970
      830.930
      831.970
      833.030
      834.020
      835.030
      836.030
      836.990
      837.970
      838.980
      839.990
      841.000
      842.000
      843.010
      844.030
      845.010
      845.990
      846.970
      847.980
      849.010
      850.000
      851.010
      852.020
      853.000
      853.990
      854.990
      855.990
      856.990
      857.990
      859.010
      860.030
      861.010
      861.990
      862.960
      863.980
      865.020
      866.000
      867.010
      868.030
      869.000
      869.980
      871.000
      872.000
      872.980
      873.980
      875.010
      876.040
      877.020
      878.010
      878.970
      879.960
      881.000
      882.000
      883.020
      884.030
      885.000
      885.980
      886.990
      888.010
      889.000
      890.000
      891.010
      892.020
      892.990
      893.960
      894.980
      896.020
      897.020
      898.000
      899.010
      900.020
      900.990
      901.970
      902.980
      903.990
      904.990
      906.000
      907.020
      908.030
      909.010
      910.000
      910.970
      911.960
      913.000
      914.000
      915.020
      916.040
      917.000
      917.980
      918.980
      919.980
      920.990
      921.990
      923.020
      924.040
      925.020
      925.990
      926.960
      927.970
      929.000
      930.000
      931.030
      932.040
      933.000
      933.980
      934.990
      935.990
      936.980
      937.990
      939.030
      940.050
      941.010
      942.000
      942.970
      943.970
      945.000
      945.990
      947.030
      948.040
      949.000
      949.980
      950.990
      951.990
      952.990
      954.000
      955.040
      956.050
      957.010
      957.970
      958.930
      959.970
      961.040
      962.020
      963.030
      964.030
      964.990
      965.980
      966.990
      967.990
      968.980
      969.980
      971.020
      972.040
      973.020
      974.000
      974.960
      975.970
      977.010
      978.000
      979.020
      980.030
      981.000
      981.980
      982.990
      983.990
      985.000
      985.990
      987.020
      988.030
      989.010
      989.990
      990.960
      991.970
      993.010
      994.000
      995.030
      996.030
      997.000
      997.970
      998.990
      1000.00
      1000.98
      1001.99
      1003.02
      1004.04
      1005.01
      1006.00
      1006.97
      1007.97
      1009.01
      1010.00
      1011.03
      1012.03
      1012.99
      1013.98
      1014.99
      1016.00
      1016.99
      1017.99
      1019.03
      1020.06
      1021.03
      1022.01
      1022.89
      1023.91
      1025.06
      1026.04
      1027.04
      1028.04
      1029.00
      1029.97
      1030.97
      1031.98
      1032.99
      1034.00
      1035.02
      1036.04
      1037.02
      1038.00
      1038.97
      1039.97
      1041.00
      1042.00
      1043.02
      1044.04
      1045.01
      1045.99
      1046.98
      1047.98
      1048.99
      1050.00
      1051.03
      1052.04
      1053.02
      1053.99
      1054.96
      1055.98
      1057.01
      1058.00
      1059.03
      1060.04
      1061.00
      1061.98
      1062.99
      1063.99
      1064.99
      1065.99
      1067.02
      1068.05
      1069.02
      1070.00
      1070.96
      1071.96
      1073.00
      1074.00
      1075.04
      1076.05
      1077.00
      1077.97
      1078.97
      1079.99
      1081.00
      1082.00
      1083.03
      1084.05
      1085.01
      1085.98
      1086.93
      1087.96
      1089.04
      1090.02
      1091.04
      1092.03
      1092.99
      1093.97
      1094.98
      1095.99
      1097.00
      1098.00
      1099.02
      1100.03
      1101.01
      1102.00
      1102.98
      1103.98
      1104.99
      1105.99
      1107.03
      1108.04
      1109.00
      1109.98
      1110.99
      1112.00
      1113.00
      1113.99
      1115.02
      1116.04
      1117.01
      1118.00
      1118.96
      1119.98
      1121.01
      1122.01
      1123.03
      1124.03
      1124.99
      1125.98
      1126.99
      1128.00
      1128.99
      1129.98
      1131.02
      1132.05
      1133.02
      1134.00
      1134.98
      1135.97
      1137.00
      1138.00
      1139.02
      1140.03
      1140.99
      1141.99
      1143.00
      1144.01
      1145.00
      1146.00
      1147.02
      1148.02
      1148.98
      1149.94
      1151.00
      1152.05
      1153.01
      1153.99
      1155.01
      1156.02
      1156.99
      1157.98
      1158.99
      1160.00
      1160.99
      1161.99
      1163.02
      1164.04
      1165.01
      1166.00
      1166.97
      1167.97
      1169.00
      1169.99
      1171.03
      1172.04
      1173.00
      1173.98
      1174.99
      1176.00
      1177.00
      1177.99
      1179.02
      1180.04
      1181.01
      1181.99
      1182.97
      1183.98
      1185.01
      1186.00
      1187.02
      1188.03
      1189.00
      1189.99
      1191.00
      1192.00
      1192.98
      1193.98
      1195.02
      1196.04
      1197.02
      1198.00
      1198.97
      1199.98
      1201.00
      1201.99
      1203.03
      1204.04
      1205.00
      1205.97
      1206.98
      1208.00
      1209.00
      1210.01
      1211.03
      1212.04
      1213.01
      1213.99
      1214.93
      1215.96
      1217.04
      1218.02
      1219.04
      1220.04
      1220.99
      1221.97
      1222.98
      1223.99
      1224.99
      1225.99
      1227.02
      1228.04
      1229.02
      1230.00
      1230.97
      1231.98
      1233.00
      1233.99
      1235.02
      1236.04
      1237.00
      1237.98
      1238.99
      1240.00
      1241.00
      1241.99
      1243.02
      1244.04
      1245.01
      1245.99
      1246.96
      1247.98
      1249.02
      1250.01
      1251.03
      1252.04
      1252.99
      1253.98
      1254.99
      1256.00
      1256.99
      1257.98
      1259.02
      1260.04
      1261.02
      1262.01
      1262.97
      1263.97
      1265.00
      1266.00
      1267.03
      1268.04
      1269.00
      1269.98
      1270.99
      1271.99
      1272.99
      1274.00
      1275.04
      1276.06
      1277.03
      1278.02
      1278.88
      1279.91
      1281.07
      1282.04
      1283.04
      1284.04
      1284.99
      1285.97
      1286.98
      1287.99
      1288.99
      1289.99
      1291.02
      1292.04
      1293.02
      1294.01
      1294.97
      1295.97
      1297.00
      1298.00
      1299.03
      1300.04
      1301.00
      1301.98
      1302.98
      1303.99
      1304.99
      1306.00
      1307.03
      1308.04
      1309.01
      1309.98
      1310.97
      1311.99
      1313.02
      1314.01
      1315.03
      1316.03
      1316.99
      1317.98
      1318.99
      1320.00
      1321.00
      1322.00
      1323.03
      1324.05
      1325.02
      1326.00
      1326.97
      1327.97
      1329.01
      1330.01
      1331.03
      1332.04
      1333.00
      1333.98
      1334.98
      1336.00
      1337.00
      1338.00
      1339.04
      1340.05
      1341.02
      1341.99
      1342.93
      1343.96
      1345.05
      1346.02
      1347.04
      1348.03
      1348.99
      1349.98
      1350.99
      1351.99
      1352.98
      1353.99
      1355.03
      1356.05
      1357.01
      1358.00
      1358.98
      1359.98
      1361.00
      1361.99
      1363.02
      1364.04
      1365.00
      1365.98
      1366.99
      1368.00
      1369.00
      1369.99
      1371.03
      1372.04
      1373.01
      1373.99
      1374.96
      1375.98
      1377.01
      1378.00
      1379.04
      1380.05
      1381.00
      1381.98
      1382.99
      1383.99
      1384.99
      1385.99
      1387.03
      1388.05
      1389.02
      1390.01
      1390.98
      1391.98
      1393.01
      1394.00
      1395.03
      1396.04
      1396.99
      1397.97
      1398.99
      1400.01
      1401.01
      1402.01
      1403.04
      1404.03
      1404.98
      1405.94
      1407.00
      1408.04
      1409.01
      1410.00
      1411.03
      1412.03
      1413.00
      1413.98
      1414.98
      1415.99
      1417.00
      1418.00
      1419.03
      1420.05
      1421.02
      1422.00
      1422.97
      1423.97
      1425.00
      1426.00
      1427.03
      1428.05
      1429.01
      1429.99
      1430.98
      1431.99
      1433.00
      1434.00
      1435.03
      1436.05
      1437.02
      1437.99
      1438.97
      1439.99
      1441.01
      1442.00
      1443.04
      1444.04
      1445.00
      1445.98
      1446.99
      1447.99
      1448.99
      1449.99
      1451.03
      1452.05
      1453.02
      1454.00
      1454.96
      1455.97
      1457.01
      1458.01
      1459.04
      1460.04
      1460.99
      1461.98
      1462.98
      1463.99
      1465.00
      1466.01
      1467.04
      1468.05
      1469.02
      1469.99
      1470.92
      1471.96
      1473.05
      1474.03
      1475.04
      1476.04
      1476.99
      1477.97
      1478.99
      1480.00
      1480.99
      1482.00
      1483.03
      1484.05
      1485.02
      1486.00
      1486.97
      1487.98
      1489.00
      1490.00
      1491.04
      1492.04
      1492.99
      1493.98
      1494.99
      1496.00
      1497.00
      1497.99
      1499.03
      1500.05
      1501.01
      1501.99
      1502.96
      1503.99
      1505.02
      1506.01
      1507.03
      1508.04
      1508.99
      1509.98
      1511.00
      1512.01
      1513.00
      1513.99
      1515.02
      1516.04
      1517.02
      1518.01
      1518.98
      1519.98
      1521.01
      1522.00
      1523.02
      1524.02
      1524.99
      1525.99
      1527.00
      1528.02
      1529.03
      1530.02
      1531.02
      1532.00
      1532.94
      1533.88
      1535.06
      1536.15
      1537.00
      1537.98
      1539.00
      1540.01
      1540.97
      1541.97
      1543.00
      1544.01
      1545.01
      1546.00
      1547.02
      1548.04
      1549.01
      1550.00
      1550.98
      1551.98
      1553.00
      1554.00
      1555.03
      1556.04
      1557.00
      1557.98
      1558.99
      1560.00
      1561.00
      1562.00
      1563.03
      1564.04
      1565.00
      1565.98
      1566.97
      1567.99
      1569.01
      1570.01
      1571.04
      1572.04
      1572.99
      1573.97
      1574.98
      1576.00
      1576.99
      1577.99
      1579.03
      1580.05
      1581.02
      1582.00
      1582.97
      1583.97
      1585.01
      1586.00
      1587.03
      1588.04
      1589.00
      1589.98
      1590.99
      1591.99
      1593.00
      1594.00
      1595.03
      1596.05
      1597.01
      1597.99
      1598.94
      1599.97
      1601.04
      1602.02
      1603.04
      1604.04
      1605.00
      1605.98
      1606.99
      1607.99
      1608.98
      1609.98
      1611.02
      1612.05
      1613.03
      1614.01
      1614.97
      1615.97
      1617.00
      1618.00
      1619.03
      1620.04
      1621.01
      1621.98
      1622.99
      1623.99
      1624.99
      1626.00
      1627.04
      1628.05
      1629.01
      1629.99
      1630.96
      1631.98
      1633.01
      1634.00
      1635.04
      1636.04
      1637.00
      1637.98
      1638.99
      1639.99
      1640.99
      1642.00
      1643.04
      1644.05
      1645.01
      1646.00
      1646.97
      1647.98
      1649.00
      1649.99
      1651.03
      1652.04
      1653.00
      1653.99
      1654.99
      1656.00
      1657.00
      1658.00
      1659.03
      1660.04
      1660.98
      1661.94
      1662.99
      1664.04
      1665.02
      1666.00
      1667.02
      1668.03
      1668.99
      1669.97
      1670.99
      1672.00
      1672.99
      1674.00
      1675.03
      1676.05
      1677.01
      1677.99
      1678.97
      1679.98
      1681.01
      1682.00
      1683.03
      1684.04
      1685.00
      1685.98
      1686.99
      1687.99
      1688.99
      1690.00
      1691.03
      1692.05
      1693.01
      1693.99
      1694.96
      1695.98
      1697.01
      1698.00
      1699.04
      1700.05
      1701.00
      1701.98
      1702.99
      1704.00
      1704.99
      1705.99
      1707.02
      1708.05
      1709.03
      1710.01
      1710.97
      1711.98
      1713.00
      1714.00
      1715.04
      1716.04
      1717.00
      1717.98
      1718.99
      1720.00
      1721.00
      1722.00
      1723.04
      1724.05
      1725.01
      1725.98
      1726.93
      1727.98
      1729.05
      1730.02
      1731.04
      1732.04
      1732.99
      1733.97
      1734.98
      1736.00
      1736.99
      1737.99
      1739.03
      1740.05
      1741.01
      1742.00
      1742.97
      1743.98
      1745.01
      1746.00
      1747.03
      1748.04
      1749.00
      1749.98
      1750.99
      1752.00
      1753.00
      1753.99
      1755.03
      1756.05
      1757.01
      1757.99
      1758.96
      1759.98
      1761.02
      1762.01
      1763.04
      1764.04
      1764.99
      1765.98
      1767.00
      1768.00
      1768.99
      1769.99
      1771.03
      1772.05
      1773.01
      1774.00
      1774.97
      1775.98
      1777.01
      1778.00
      1779.03
      1780.04
      1780.99
      1781.98
      1782.99
      1783.99
      1784.99
      1786.00
      1787.05
      1788.07
      1789.03
      1790.00
      1790.86
      1791.91
      1793.08
      1794.05
      1795.07
      1796.05
      1796.98
      1797.95
      1798.98
      1799.99
      1800.98
      1801.99
      1803.05
      1804.06
      1805.01
      1805.99
      1806.97
      1807.98
      1809.00
      1810.00
      1811.04
      1812.05
      1812.99
      1813.97
      1814.99
      1816.00
      1816.99
      1817.99
      1819.04
      1820.06
      1821.01
      1821.98
      1822.96
      1823.98
      1825.01
      1826.01
      1827.05
      1828.06
      1828.99
      1829.97
      1830.99
      1832.00
      1832.98
      1833.98
      1835.04
      1836.06
      1837.01
      1837.99
      1838.98
      1839.99
      1841.00
      1841.99
      1843.03
      1844.05
      1845.00
      1845.98
      1847.00
      1848.00
      1848.99
      1849.99
      1851.05
      1852.06
      1853.01
      1853.98
      1854.93
      1855.97
      1857.04
      1858.02
      1859.05
      1860.05
      1860.99
      1861.96
      1862.99
      1863.99
      1864.98
      1865.99
      1867.05
      1868.06
      1869.01
      1869.99
      1870.97
      1871.98
      1873.00
      1873.99
      1875.04
      1876.06
      1876.99
      1877.97
      1879.00
      1880.00
      1880.98
      1881.99
      1883.05
      1884.06
      1885.00
      1885.98
      1886.97
      1887.98
      1889.01
      1890.00
      1891.06
      1892.05
      1892.98
      1893.96
      1894.99
      1896.01
      1896.98
      1897.98
      1899.05
      1900.06
      1901.01
      1901.99
      1902.97
      1903.98
      1905.00
      1905.99
      1907.04
      1908.05
      1908.99
      1909.98
      1911.01
      1912.01
      1913.00
      1914.00
      1915.04
      1916.05
      1916.98
      1917.94
      1918.99
      1920.04
      1921.02
      1922.00
      1923.04
      1924.04
      1924.98
      1925.97
      1927.00
      1928.01
      1928.99
      1929.99
      1931.03
      1932.06
      1933.01
      1934.00
      1934.98
      1935.98
      1937.00
      1937.99
      1939.05
      1940.05
      1940.99
      1941.98
      1943.00
      1944.00
      1944.99
      1945.99
      1947.04
      1948.06
      1949.01
      1949.98
      1950.96
      1951.98
      1953.01
      1954.01
      1955.06
      1956.05
      1956.98
      1957.97
      1959.00
      1960.01
      1960.99
      1961.99
      1963.04
      1964.05
      1965.01
      1966.00
      1966.98
      1967.98
      1969.00
      1970.00
      1971.04
      1972.05
      1973.00
      1973.98
      1974.99
      1976.00
      1976.99
      1978.00
      1979.05
      1980.07
      1981.01
      1981.98
      1982.93
      1983.97
      1985.04
      1986.02
      1987.05
      1988.05
      1988.99
      1989.96
      1990.99
      1992.00
      1992.98
      1993.99
      1995.04
      1996.05
      1997.00
      1998.00
      1998.99
      1999.98
      2001.00
      2001.99
      2003.04
      2004.05
      2004.99
      2005.98
      2007.00
      2008.01
      2008.99
      2009.99
      2011.04
      2012.06
      2013.00
      2013.99
      2014.97
      2015.99
      2017.01
      2018.00
      2019.04
      2020.05
      2020.99
      2021.98
      2023.00
      2024.00
      2024.98
      2025.99
      2027.04
      2028.05
      2029.00
      2030.00
      2030.99
      2031.99
      2033.02
      2034.02
      2035.05
      2036.04
      2036.98
      2037.95
      2038.96
      2039.97
      2040.99
      2042.03
      2043.12
      2044.18
      2045.18
      2046.06
      2046.51
      2047.69
      2049.26
      2050.17
      2051.11
      2052.05
      2052.98
      2053.93
      2054.93
      2055.94
      2056.96
      2057.99
      2059.03
      2060.05
      2061.04
      2062.02
      2062.98
      2063.97
      2064.98
      2065.99
      2067.01
      2068.02
      2069.00
      2069.98
      2070.98
      2071.99
      2073.00
      2074.00
      2075.01
      2076.03
      2077.01
      2077.99
      2078.95
      2079.97
      2081.01
      2082.00
      2083.02
      2084.03
      2085.00
      2085.99
      2086.98
      2087.99
      2088.99
      2089.99
      2091.02
      2092.03
      2093.01
      2094.00
      2094.97
      2095.97
      2097.00
      2098.00
      2099.03
      2100.03
      2100.99
      2101.98
      2102.98
      2103.99
      2105.00
      2106.01
      2107.03
      2108.04
      2109.01
      2109.98
      2110.93
      2111.96
      2113.03
      2114.01
      2115.03
      2116.03
      2117.00
      2117.98
      2118.98
      2119.98
      2120.98
      2121.99
      2123.02
      2124.03
      2125.01
      2126.00
      2126.98
      2127.98
      2128.99
      2129.99
      2131.02
      2132.03
      2133.00
      2133.99
      2134.98
      2135.99
      2136.99
      2138.00
      2139.02
      2140.03
      2141.01
      2141.99
      2142.96
      2143.97
      2145.01
      2146.00
      2147.03
      2148.03
      2149.00
      2149.99
      2150.98
      2151.98
      2152.98
      2153.99
      2155.02
      2156.04
      2157.01
      2158.00
      2158.98
      2159.98
      2161.00
      2161.99
      2163.02
      2164.03
      2164.99
      2165.99
      2167.00
      2167.99
      2169.00
      2170.00
      2171.03
      2172.03
      2173.00
      2173.96
      2174.97
      2176.00
      2177.02
      2178.00
      2179.03
      2180.03
      2180.99
      2181.98
      2182.98
      2183.99
      2184.99
      2185.99
      2187.02
      2188.04
      2189.01
      2190.00
      2190.98
      2191.98
      2192.99
      2193.99
      2195.02
      2196.03
      2197.00
      2197.99
      2198.99
      2199.99
      2200.99
      2201.99
      2203.03
      2204.04
      2205.01
      2205.99
      2206.96
      2207.97
      2209.01
      2210.00
      2211.03
      2212.04
      2213.00
      2213.98
      2214.99
      2215.99
      2216.98
      2217.99
      2219.02
      2220.04
      2221.01
      2222.00
      2222.98
      2223.98
      2224.99
      2225.99
      2227.03
      2228.03
      2228.99
      2229.98
      2230.99
      2231.99
      2233.00
      2234.00
      2235.03
      2236.04
      2237.01
      2237.99
      2238.93
      2239.96
      2241.04
      2242.01
      2243.03
      2244.04
      2245.00
      2245.98
      2246.98
      2247.98
      2248.98
      2249.99
      2251.02
      2252.05
      2253.02
      2254.00
      2254.97
      2255.97
      2256.99
      2257.99
      2259.03
      2260.04
      2261.00
      2261.99
      2262.99
      2263.99
      2264.99
      2265.99
      2267.02
      2268.04
      2269.01
      2270.00
      2270.97
      2271.97
      2273.00
      2274.00
      2275.04
      2276.04
      2277.00
      2277.98
      2278.98
      2279.98
      2280.99
      2281.99
      2283.03
      2284.04
      2285.01
      2286.00
      2286.97
      2287.97
      2288.99
      2290.00
      2291.04
      2292.04
      2292.99
      2293.98
      2294.98
      2295.98
      2296.99
      2298.00
      2299.04
      2300.06
      2301.02
      2302.00
      2302.89
      2303.92
      2305.06
      2306.04
      2307.04
      2308.04
      2308.99
      2309.97
      2310.97
      2311.98
      2312.99
      2313.99
      2315.02
      2316.04
      2317.02
      2318.00
      2318.97
      2319.98
      2320.99
      2321.99
      2323.02
      2324.03
      2325.00
      2325.99
      2326.98
      2327.98
      2328.99
      2330.00
      2331.03
      2332.04
      2333.01
      2333.98
      2334.96
      2335.98
      2337.01
      2338.00
      2339.03
      2340.04
      2341.00
      2341.99
      2342.99
      2343.98
      2344.98
      2345.98
      2347.03
      2348.04
      2349.01
      2350.00
      2350.98
      2351.97
      2352.99
      2353.99
      2355.03
      2356.03
      2357.00
      2357.98
      2358.99
      2359.99
      2361.00
      2362.00
      2363.04
      2364.05
      2365.01
      2365.98
      2366.92
      2367.96
      2369.05
      2370.02
      2371.04
      2372.04
      2372.99
      2373.98
      2374.97
      2375.98
      2376.98
      2377.99
      2379.03
      2380.05
      2381.01
      2382.00
      2382.98
      2383.97
      2384.98
      2385.99
      2387.03
      2388.04
      2389.00
      2389.99
      2390.99
      2391.99
      2392.99
      2393.99
      2395.03
      2396.04
      2397.00
      2397.99
      2398.97
      2399.98
      2401.00
      2401.99
      2403.03
      2404.04
      2405.00
      2405.99
      2406.99
      2407.98
      2408.98
      2409.99
      2411.03
      2412.04
      2413.01
      2414.00
      2414.99
      2415.98
      2416.98
      2417.98
      2419.03
      2420.04
      2420.99
      2421.99
      2422.99
      2423.99
      2424.99
      2426.00
      2427.04
      2428.05
      2428.99
      2429.95
      2430.96
      2432.01
      2433.02
      2434.01
      2435.03
      2436.03
      2436.99
      2437.98
      2438.99
      2439.99
      2440.98
      2441.98
      2443.03
      2444.05
      2445.01
      2445.99
      2446.98
      2447.99
      2448.99
      2449.98
      2451.03
      2452.04
      2452.99
      2453.98
      2454.99
      2455.99
      2456.99
      2457.99
      2459.04
      2460.05
      2461.00
      2461.98
      2462.96
      2463.98
      2465.01
      2466.00
      2467.05
      2468.05
      2468.99
      2469.97
      2470.98
      2471.99
      2472.98
      2473.98
      2475.05
      2476.06
      2477.00
      2477.99
      2478.98
      2479.98
      2480.99
      2481.99
      2483.05
      2484.05
      2484.99
      2485.97
      2486.98
      2487.99
      2488.99
      2489.99
      2491.05
      2492.06
      2493.01
      2493.98
      2494.92
      2495.95
      2497.04
      2498.02
      2499.05
      2500.04
      2500.98
      2501.96
      2502.98
      2503.99
      2504.98
      2505.99
      2507.04
      2508.05
      2509.00
      2509.99
      2510.98
      2511.98
      2512.98
      2513.99
      2515.04
      2516.05
      2516.99
      2517.98
      2518.99
      2519.99
      2520.99
      2521.99
      2523.04
      2524.05
      2525.00
      2525.99
      2526.97
      2527.97
      2529.00
      2530.00
      2531.05
      2532.05
      2532.99
      2533.98
      2534.98
      2535.99
      2536.98
      2537.98
      2539.04
      2540.06
      2541.01
      2542.00
      2542.98
      2543.97
      2544.99
      2545.99
      2547.04
      2548.05
      2548.99
      2549.98
      2551.00
      2552.01
      2553.01
      2554.01
      2555.05
      2556.03
      2556.94
      2557.88
      2559.04
      2560.12
      2561.00
      2561.98
      2563.01
      2564.01
      2564.98
      2565.98
      2566.99
      2568.00
      2569.00
      2570.00
      2571.03
      2572.04
      2573.00
      2573.99
      2574.97
      2575.98
      2576.99
      2577.99
      2579.04
      2580.05
      2581.00
      2581.98
      2582.97
      2583.98
      2585.00
      2586.01
      2587.04
      2588.04
      2589.00
      2589.99
      2590.96
      2591.98
      2593.01
      2594.00
      2595.03
      2596.04
      2597.00
      2597.99
      2598.99
      2599.99
      2600.98
      2601.99
      2603.03
      2604.04
      2605.01
      2606.00
      2606.98
      2607.98
      2608.99
      2609.99
      2611.04
      2612.04
      2613.00
      2613.99
      2614.97
      2615.98
      2616.99
      2618.00
      2619.04
      2620.05
      2621.01
      2621.99
      2622.93
      2623.96
      2625.03
      2626.02
      2627.04
      2628.04
      2629.00
      2629.98
      2630.98
      2631.99
      2632.99
      2633.99
      2635.03
      2636.04
      2637.01
      2638.00
      2638.98
      2639.98
      2640.99
      2642.00
      2643.03
      2644.04
      2645.00
      2645.99
      2646.97
      2647.98
      2649.00
      2650.00
      2651.03
      2652.04
      2653.01
      2653.99
      2654.96
      2655.97
      2657.01
      2658.01
      2659.03
      2660.03
      2661.00
      2661.99
      2662.98
      2663.99
      2664.99
      2665.99
      2667.03
      2668.04
      2669.01
      2670.00
      2670.98
      2671.98
      2673.00
      2674.00
      2675.02
      2676.03
      2677.00
      2677.99
      2678.99
      2679.99
      2681.00
      2682.00
      2683.03
      2684.04
      2684.99
      2685.96
      2686.97
      2688.01
      2689.02
      2690.00
      2691.03
      2692.03
      2693.00
      2693.98
      2694.97
      2695.98
      2697.00
      2698.00
      2699.04
      2700.04
      2701.00
      2701.99
      2702.97
      2703.98
      2705.00
      2706.00
      2707.03
      2708.04
      2709.00
      2709.99
      2710.97
      2711.99
      2713.00
      2714.00
      2715.03
      2716.04
      2717.01
      2717.99
      2718.96
      2719.98
      2721.01
      2722.00
      2723.04
      2724.04
      2724.99
      2725.98
      2726.98
      2727.99
      2729.00
      2729.99
      2731.03
      2732.04
      2733.01
      2734.00
      2734.98
      2735.98
      2737.00
      2738.00
      2739.03
      2740.04
      2741.00
      2741.98
      2742.97
      2743.98
      2745.00
      2746.01
      2747.05
      2748.05
      2749.01
      2749.98
      2750.93
      2751.96
      2753.04
      2754.02
      2755.04
      2756.04
      2757.00
      2757.98
      2758.98
      2759.98
      2760.99
      2761.99
      2763.02
      2764.04
      2765.01
      2766.00
      2766.98
      2767.98
      2769.00
      2769.99
      2771.02
      2772.03
      2773.00
      2773.99
      2774.98
      2775.99
      2777.01
      2778.00
      2779.03
      2780.04
      2781.01
      2781.99
      2782.95
      2783.97
      2785.02
      2786.01
      2787.04
      2788.04
      2789.00
      2789.98
      2790.98
      2791.99
      2793.00
      2794.00
      2795.03
      2796.04
      2797.01
      2798.00
      2798.98
      2799.98
      2801.01
      2802.00
      2803.03
      2804.04
      2805.00
      2805.99
      2806.98
      2807.98
      2809.01
      2810.01
      2811.04
      2812.06
      2813.04
      2814.02
      2814.86
      2815.90
      2817.08
      2818.05
      2819.05
      2820.04
      2821.00
      2821.98
      2822.96
      2823.97
      2824.99
      2826.00
      2827.03
      2828.04
      2829.02
      2830.00
      2830.98
      2831.98
      2832.99
      2833.99
      2835.03
      2836.04
      2837.01
      2837.99
      2838.97
      2839.98
      2841.01
      2842.00
      2843.03
      2844.04
      2845.01
      2845.99
      2846.96
      2847.97
      2849.01
      2850.01
      2851.04
      2852.04
      2853.00
      2853.98
      2854.97
      2855.98
      2857.00
      2858.00
      2859.03
      2860.04
      2861.02
      2862.00
      2862.97
      2863.98
      2865.00
      2865.99
      2867.03
      2868.05
      2869.01
      2870.00
      2870.97
      2871.97
      2873.00
      2874.00
      2875.03
      2876.04
      2877.02
      2877.99
      2878.93
      2879.97
      2881.04
      2882.03
      2883.03
      2884.03
      2885.00
      2885.98
      2886.98
      2887.99
      2889.01
      2890.00
      2891.02
      2892.03
      2893.01
      2894.00
      2894.98
      2895.99
      2897.01
      2898.00
      2899.02
      2900.03
      2901.01
      2902.00
      2902.98
      2903.99
      2905.01
      2906.01
      2907.02
      2908.03
      2909.01
      2910.00
      2910.96
      2911.98
      2913.02
      2914.01
      2915.03
      2916.03
      2917.00
      2918.00
      2918.98
      2919.98
      2921.00
      2922.00
      2923.02
      2924.03
      2925.01
      2926.00
      2926.98
      2927.98
      2929.00
      2930.00
      2931.03
      2932.03
      2933.00
      2933.99
      2934.98
      2935.99
      2937.01
      2938.01
      2939.04
      2940.03
      2940.99
      2941.97
      2942.96
      2944.00
      2945.04
      2946.01
      2947.03
      2948.03
      2949.00
      2949.99
      2950.98
      2951.98
      2953.00
      2954.00
      2955.03
      2956.04
      2957.02
      2958.00
      2958.98
      2959.98
      2960.99
      2961.99
      2963.03
      2964.05
      2965.02
      2966.00
      2966.98
      2967.98
      2969.00
      2970.00
      2971.03
      2972.04
      2973.02
      2974.00
      2974.96
      2975.97
      2977.01
      2978.00
      2979.04
      2980.04
      2981.00
      2981.99
      2982.98
      2983.99
      2985.00
      2986.00
      2987.03
      2988.04
      2989.01
      2990.00
      2990.98
      2991.98
      2993.00
      2994.00
      2995.03
      2996.04
      2997.00
      2997.99
      2998.98
      2999.99
      3001.00
      3002.00
      3003.03
      3004.05
      3005.02
      3005.99
      3006.93
      3007.96
      3009.04
      3010.03
      3011.04
      3012.03
      3013.00
      3013.98
      3014.98
      3015.98
      3017.00
      3018.00
      3019.03
      3020.04
      3021.01
      3022.00
      3022.98
      3023.98
      3025.00
      3026.00
      3027.03
      3028.04
      3029.00
      3030.00
      3030.98
      3031.98
      3033.00
      3034.00
      3035.04
      3036.04
      3037.01
      3037.99
      3038.96
      3039.98
      3041.02
      3042.01
      3043.03
      3044.03
      3045.00
      3046.00
      3046.99
      3047.99
      3048.99
      3049.99
      3051.03
      3052.05
      3053.03
      3054.02
      3054.99
      3055.97
      3056.99
      3057.98
      3059.01
      3060.02
      3061.00
      3062.02
      3063.03
      3064.06
      3065.07
      3066.04
      3067.01
      3067.92
      3068.80
      3069.70
      3071.30
      3072.49
      3072.95
      3073.87
      3074.86
      3075.90
      3076.95
      3077.99
      3079.01
      3080.03
      3081.04
      3082.02
      3083.00
      3084.00
      3084.99
      3085.98
      3086.97
      3087.97
      3088.99
      3090.00
      3091.00
      3092.02
      3093.02
      3094.00
      3094.97
      3095.97
      3097.00
      3098.00
      3099.00
      3100.01
      3101.01
      3101.99
      3102.96
      3103.97
      3105.00
      3106.00
      3107.01
      3108.02
      3109.01
      3109.99
      3110.96
      3111.97
      3113.00
      3114.00
      3115.00
      3116.01
      3117.01
      3118.00
      3118.98
      3119.98
      3121.00
      3122.00
      3122.99
      3124.00
      3125.01
      3126.00
      3126.98
      3127.98
      3129.01
      3130.01
      3131.00
      3132.01
      3133.01
      3133.99
      3134.94
      3135.97
      3137.03
      3138.02
      3139.01
      3140.01
      3141.00
      3141.99
      3142.97
      3143.98
      3145.00
      3146.00
      3146.99
      3148.01
      3149.01
      3150.00
      3150.99
      3151.99
      3152.99
      3153.99
      3154.98
      3156.00
      3157.02
      3158.01
      3158.97
      3159.98
      3161.00
      3162.00
      3162.99
      3164.00
      3165.02
      3166.00
      3166.96
      3167.97
      3169.01
      3170.00
      3171.00
      3172.01
      3173.01
      3174.00
      3174.98
      3175.98
      3176.99
      3178.00
      3178.99
      3180.00
      3181.02
      3182.01
      3182.99
      3183.98
      3184.99
      3185.99
      3186.99
      3188.00
      3189.01
      3190.01
      3190.99
      3191.99
      3193.01
      3194.01
      3195.00
      3196.00
      3197.00
      3197.97
      3198.97
      3200.01
      3201.03
      3202.01
      3202.99
      3204.00
      3205.01
      3205.99
      3206.97
      3207.98
      3209.00
      3210.00
      3211.00
      3212.01
      3213.01
      3213.99
      3214.99
      3216.00
      3216.99
      3217.99
      3218.99
      3220.00
      3221.01
      3221.99
      3222.97
      3223.98
      3225.01
      3226.01
      3227.00
      3228.01
      3229.00
      3229.98
      3230.96
      3231.98
      3233.02
      3234.01
      3235.00
      3236.00
      3237.00
      3238.00
      3238.98
      3239.98
      3241.00
      3241.99
      3243.00
      3244.01
      3245.01
      3246.00
      3246.99
      3247.99
      3248.99
      3249.99
      3251.00
      3252.01
      3253.01
      3253.99
      3254.98
      3255.98
      3257.01
      3258.01
      3259.01
      3260.02
      3261.02
      3261.99
      3262.93
      3263.96
      3265.04
      3266.02
      3267.01
      3268.01
      3269.00
      3269.99
      3270.98
      3271.99
      3273.00
      3273.99
      3274.99
      3276.01
      3277.01
      3278.00
      3279.00
      3279.99
      3280.98
      3281.99
      3283.00
      3284.01
      3285.01
      3285.99
      3286.98
      3287.99
      3289.00
      3290.00
      3290.99
      3292.01
      3293.01
      3294.00
      3294.96
      3295.97
      3297.02
      3298.02
      3299.00
      3300.00
      3301.00
      3301.99
      3302.99
      3303.99
      3305.00
      3305.99
      3306.99
      3307.99
      3309.01
      3310.01
      3311.00
      3311.99
      3313.00
      3313.99
      3315.00
      3316.01
      3317.00
      3317.99
      3318.98
      3319.98
      3321.00
      3322.01
      3323.03
      3324.04
      3325.03
      3326.02
      3326.85
      3327.89
      3329.08
      3330.05
      3331.03
      3332.01
      3333.00
      3333.98
      3334.96
      3335.97
      3336.99
      3338.00
      3339.01
      3340.01
      3341.01
      3342.00
      3342.99
      3343.99
      3344.99
      3345.99
      3346.99
      3348.01
      3349.01
      3350.00
      3350.98
      3351.98
      3353.00
      3354.01
      3355.00
      3356.01
      3357.00
      3357.99
      3358.97
      3359.98
      3361.01
      3362.00
      3363.01
      3364.01
      3365.00
      3365.99
      3366.98
      3367.98
      3368.99
      3370.00
      3371.01
      3372.01
      3373.00
      3373.99
      3374.99
      3375.99
      3377.00
      3378.00
      3379.00
      3380.01
      3381.00
      3381.99
      3382.98
      3383.98
      3385.00
      3386.01
      3387.02
      3388.02
      3389.01
      3389.99
      3390.92
      3391.95
      3393.04
      3394.03
      3395.02
      3396.01
      3396.99
      3397.98
      3398.98
      3399.98
      3400.99
      3402.00
      3403.01
      3404.02
      3405.01
      3406.00
      3406.99
      3407.99
      3408.99
      3409.99
      3411.00
      3412.01
      3413.00
      3413.99
      3414.99
      3415.99
      3417.00
      3418.00
      3419.00
      3420.01
      3421.00
      3422.00
      3422.98
      3423.98
      3425.00
      3426.00
      3427.00
      3428.01
      3429.01
      3430.00
      3430.99
      3431.99
      3433.00
      3433.99
      3435.00
      3436.01
      3437.00
      3438.00
      3439.00
      3440.00
      3440.99
      3441.99
      3443.00
      3444.00
      3444.99
      3446.00
      3446.99
      3447.99
      3449.00
      3450.01
      3451.02
      3452.01
      3452.98
      3453.96
      3454.97
      3456.02
      3457.02
      3458.00
      3459.00
      3460.01
      3461.00
      3461.99
      3462.99
      3463.99
      3464.98
      3465.99
      3467.01
      3468.02
      3469.01
      3470.00
      3470.99
      3471.98
      3472.98
      3473.99
      3475.01
      3476.02
      3476.99
      3477.99
      3478.98
      3479.99
      3481.00
      3482.00
      3483.01
      3484.02
      3485.00
      3485.99
      3486.96
      3487.97
      3489.01
      3490.01
      3491.03
      3492.02
      3492.99
      3493.98
      3494.98
      3495.98
      3496.99
      3497.99
      3499.01
      3500.02
      3501.00
      3501.99
      3502.99
      3503.99
      3504.99
      3505.99
      3507.01
      3508.01
      3508.99
      3509.99
      3510.99
      3511.99
      3513.00
      3513.99
      3515.02
      3516.03
      3517.02
      3517.99
      3518.91
      3519.95
      3521.05
      3522.03
      3523.02
      3524.01
      3524.98
      3525.98
      3526.98
      3527.99
      3529.00
      3530.00
      3531.01
      3532.01
      3533.00
      3534.00
      3534.99
      3535.99
      3536.99
      3538.00
      3539.00
      3540.01
      3541.00
      3542.00
      3542.99
      3543.98
      3544.99
      3546.00
      3547.01
      3548.02
      3549.01
      3549.99
      3550.96
      3551.97
      3553.01
      3554.01
      3555.01
      3556.02
      3557.00
      3557.99
      3558.98
      3559.98
      3560.99
      3561.99
      3563.01
      3564.02
      3565.01
      3566.01
      3566.99
      3567.98
      3568.99
      3569.99
      3570.99
      3572.00
      3573.00
      3574.00
      3575.00
      3576.01
      3577.01
      3578.01
      3579.01
      3580.00
      3580.96
      3581.91
      3583.02
      3584.09
      3585.02
      3586.00
      3586.98
      3587.98
      3588.99
      3589.98
      3590.98
      3591.99
      3593.01
      3594.01
      3595.00
      3596.00
      3597.00
      3597.99
      3598.98
      3599.99
      3600.99
      3602.00
      3603.00
      3604.01
      3605.01
      3606.00
      3606.99
      3607.98
      3608.99
      3610.00
      3611.00
      3612.01
      3613.02
      3614.00
      3614.97
      3615.97
      3616.99
      3618.00
      3619.01
      3620.01
      3621.01
      3621.99
      3622.98
      3623.99
      3625.00
      3626.00
      3626.99
      3628.00
      3629.01
      3630.00
      3630.99
      3631.99
      3633.00
      3634.00
      3635.00
      3636.01
      3637.00
      3637.99
      3638.98
      3639.99
      3641.01
      3642.02
      3643.02
      3644.01
      3645.00
      3645.98
      3646.94
      3647.97
      3649.04
      3650.03
      3651.01
      3652.00
      3653.00
      3653.99
      3654.99
      3655.99
      3657.00
      3658.00
      3658.98
      3660.00
      3661.02
      3662.01
      3662.99
      3663.99
      3665.00
      3666.00
      3666.98
      3667.99
      3669.01
      3670.01
      3671.00
      3671.99
      3673.00
      3674.00
      3674.99
      3676.00
      3677.01
      3678.00
      3678.97
      3679.98
      3681.02
      3682.01
      3682.99
      3683.99
      3685.00
      3686.00
      3687.00
      3687.99
      3689.01
      3690.00
      3690.98
      3691.99
      3693.02
      3694.01
      3694.99
      3695.99
      3697.01
      3698.01
      3698.99
      3699.99
      3701.00
      3702.00
      3702.99
      3704.00
      3705.02
      3706.02
      3707.00
      3708.00
      3709.00
      3709.97
      3710.95
      3712.00
      3713.05
      3714.02
      3714.99
      3715.99
      3717.00
      3717.99
      3718.98
      3719.99
      3721.00
      3722.00
      3722.99
      3724.00
      3725.02
      3726.01
      3726.99
      3727.99
      3728.99
      3730.00
      3730.99
      3732.00
      3733.01
      3734.00
      3734.98
      3735.98
      3737.01
      3738.01
      3739.01
      3740.01
      3741.01
      3741.99
      3742.96
      3743.97
      3745.02
      3746.02
      3747.00
      3748.00
      3749.00
      3749.99
      3750.98
      3751.99
      3753.00
      3754.00
      3755.00
      3756.01
      3757.02
      3758.00
      3758.98
      3759.98
      3761.00
      3762.00
      3763.00
      3764.00
      3765.00
      3766.00
      3766.99
      3767.98
      3769.00
      3770.01
      3771.01
      3772.02
      3773.02
      3774.01
      3774.93
      3775.96
      3777.04
      3778.02
      3779.00
      3780.00
      3781.01
      3782.00
      3782.98
      3783.98
      3785.00
      3786.01
      3786.99
      3788.00
      3789.01
      3790.01
      3790.99
      3791.99
      3793.01
      3794.01
      3794.99
      3795.99
      3797.01
      3798.01
      3798.99
      3799.99
      3801.01
      3802.01
      3802.99
      3803.99
      3805.02
      3806.02
      3806.97
      3807.97
      3809.02
      3810.01
      3810.99
      3811.99
      3813.02
      3814.02
      3815.00
      3815.98
      3816.99
      3818.00
      3818.98
      3819.99
      3821.02
      3822.02
      3823.00
      3823.99
      3825.01
      3826.01
      3827.00
      3827.99
      3829.00
      3830.00
      3830.98
      3831.99
      3833.01
      3834.02
      3835.01
      3836.03
      3837.05
      3838.04
      3838.85
      3839.88
      3841.09
      3842.06
      3843.02
      3844.01
      3845.00
      3845.98
      3846.98
      3847.99
      3848.99
      3850.00
      3850.99
      3852.01
      3853.02
      3854.01
      3854.99
      3855.99
      3857.00
      3858.00
      3858.99
      3860.00
      3861.01
      3862.01
      3862.99
      3864.00
      3865.01
      3866.01
      3866.99
      3868.00
      3869.01
      3870.00
      3870.98
      3871.99
      3873.02
      3874.01
      3875.00
      3876.00
      3877.01
      3878.00
      3879.00
      3880.00
      3881.00
      3881.99
      3883.00
      3884.01
      3885.01
      3886.01
      3887.00
      3888.00
      3889.00
      3890.00
      3891.00
      3892.01
      3893.01
      3894.00
      3895.00
      3896.00
      3897.01
      3898.01
      3899.00
      3900.01
      3901.03
      3902.01
      3902.94
      3903.96
      3905.05
      3906.04
      3907.00
      3907.99
      3909.01
      3910.01
      3911.00
      3911.99
      3913.00
      3914.01
      3914.98
      3915.98
      3917.02
      3918.02
      3919.01
      3920.01
      3921.01
      3922.00
      3922.98
      3923.98
      3925.01
      3926.01
      3927.00
      3928.01
      3929.02
      3930.01
      3930.98
      3931.99
      3933.01
      3934.01
      3934.98
      3935.99
      3937.02
      3938.02
      3938.99
      3939.99
      3941.02
      3942.01
      3943.00
      3943.99
      3945.00
      3946.01
      3946.98
      3947.99
      3949.02
      3950.02
      3951.00
      3952.00
      3953.01
      3954.00
      3954.98
      3955.99
      3957.01
      3958.00
      3959.00
      3960.00
      3961.02
      3962.02
      3963.01
      3964.00
      3965.00
      3965.98
      3966.96
      3968.00
      3969.05
      3970.03
      3971.00
      3972.00
      3973.00
      3973.99
      3974.99
      3975.99
      3977.00
      3978.00
      3979.00
      3980.01
      3981.02
      3982.01
      3982.99
      3983.99
      3984.99
      3986.00
      3987.00
      3988.01
      3989.01
      3990.00
      3991.00
      3991.99
      3992.99
      3994.00
      3995.00
      3996.01
      3997.01
      3998.01
      3998.98
      3999.98
      4001.01
      4002.01
      4003.01
      4004.01
      4005.00
      4006.00
      4007.00
      4007.99
      4008.99
      4010.00
      4011.00
      4012.01
      4013.01
      4014.01
      4015.00
      4015.99
      4017.00
      4018.00
      4019.00
      4020.01
      4021.00
      4022.00
      4023.00
      4024.00
      4025.00
      4026.01
      4027.01
      4028.02
      4029.02
      4030.00
      4030.93
      4031.96
      4033.05
      4034.04
      4035.01
      4036.00
      4037.00
      4037.99
      4038.99
      4040.00
      4041.00
      4042.00
      4042.99
      4043.99
      4045.02
      4046.02
      4047.00
      4048.00
      4049.00
      4050.00
      4050.99
      4051.99
      4053.01
      4054.01
      4055.00
      4056.00
      4057.02
      4058.01
      4058.99
      4059.99
      4061.02
      4062.01
      4062.98
      4063.99
      4065.02
      4066.02
      4067.00
      4067.99
      4069.01
      4070.01
      4071.00
      4072.00
      4073.00
      4074.01
      4074.99
      4075.99
      4077.02
      4078.02
      4079.01
      4080.00
      4081.01
      4082.01
      4082.99
      4083.99
      4085.01
      4086.01
      4087.00
      4088.01
      4089.02
      4090.03
      4091.00
      4092.00
      4093.00
      4093.97
      4094.99
