PDS_VERSION_ID         = PDS3
RECORD_TYPE            = STREAM
OBJECT                 = TEXT
  PUBLICATION_DATE     = 2019-04-02
  INTERCHANGE_FORMAT   = ASCII
  NOTE                 = "File contaning bitweight corrrection for WAC, gain 
                         state 2, and temperature +25 degrees Celsius derived 
                         during ground calibration."
END_OBJECT             = TEXT
END

\begindata
      0.00000
      1.00000
      2.00000
      3.00000
      4.00000
      5.00000
      6.00000
      7.00000
      8.00000
      9.00000
      10.0000
      11.0000
      12.0000
      13.0000
      14.0000
      15.0000
      16.0000
      17.0000
      18.0000
      19.0000
      20.0000
      21.0000
      22.0000
      23.0000
      24.0000
      25.0000
      26.0000
      27.0000
      28.0000
      29.0000
      30.0000
      31.0000
      32.0000
      33.0000
      34.0000
      35.0000
      36.0000
      37.0000
      38.0000
      39.0000
      40.0000
      41.0000
      42.0000
      43.0000
      44.0000
      45.0000
      46.0000
      47.0000
      48.0000
      49.0000
      50.0000
      51.0000
      52.0000
      53.0000
      54.0000
      55.0000
      56.0000
      57.0000
      58.0000
      59.0000
      60.0000
      61.0000
      62.0000
      63.0000
      64.0000
      65.0000
      66.0000
      67.0000
      68.0000
      69.0000
      70.0000
      71.0000
      72.0000
      73.0000
      74.0000
      75.0000
      76.0000
      77.0000
      78.0000
      79.0000
      80.0000
      81.0000
      82.0000
      83.0000
      84.0000
      85.0000
      86.0000
      87.0000
      88.0000
      89.0000
      90.0000
      91.0000
      92.0000
      93.0000
      94.0000
      95.0000
      96.0000
      97.0000
      98.0000
      99.0000
      100.000
      101.000
      102.000
      103.000
      104.000
      105.000
      106.000
      107.000
      108.000
      109.000
      110.000
      111.000
      112.000
      113.000
      114.000
      115.000
      116.000
      117.000
      118.000
      119.000
      120.000
      121.020
      122.010
      123.020
      124.040
      124.990
      125.940
      127.000
      128.040
      129.020
      130.010
      131.020
      132.040
      132.990
      133.950
      134.990
      136.030
      137.010
      138.000
      139.010
      140.040
      141.010
      141.980
      142.980
      144.000
      145.010
      146.000
      147.030
      148.060
      149.000
      149.960
      150.990
      152.020
      153.000
      153.990
      155.020
      156.060
      157.020
      157.980
      158.970
      159.990
      161.020
      162.000
      163.030
      164.050
      164.990
      165.960
      167.010
      168.020
      168.990
      169.990
      171.020
      172.050
      173.030
      174.000
      174.970
      175.990
      177.020
      178.000
      179.030
      180.060
      181.000
      181.960
      182.990
      184.020
      185.020
      186.010
      187.030
      188.050
      189.010
      189.970
      190.950
      192.000
      193.040
      194.020
      195.030
      196.040
      196.990
      197.950
      199.010
      200.030
      200.990
      201.990
      203.010
      204.050
      205.020
      206.000
      206.990
      208.000
      209.000
      209.990
      211.030
      212.060
      212.990
      213.970
      215.010
      216.020
      216.990
      217.980
      219.030
      220.070
      221.030
      221.990
      222.970
      223.990
      225.030
      226.010
      227.040
      228.050
      228.980
      229.950
      231.010
      232.040
      233.000
      233.990
      235.020
      236.050
      237.020
      238.000
      238.990
      239.990
      241.010
      241.990
      243.040
      244.070
      245.000
      245.970
      247.000
      248.020
      249.010
      250.000
      251.010
      252.040
      253.010
      253.970
      255.000
      256.030
      257.010
      258.000
      259.020
      260.040
      261.000
      261.960
      263.000
      264.030
      265.010
      265.990
      267.010
      268.040
      269.020
      269.980
      270.990
      272.000
      273.010
      274.000
      275.030
      276.050
      276.990
      277.960
      279.000
      280.020
      281.010
      281.990
      283.020
      284.060
      285.020
      285.980
      286.980
      288.000
      289.010
      290.000
      291.040
      292.060
      292.990
      293.950
      295.010
      296.030
      297.000
      297.990
      299.020
      300.060
      301.030
      301.990
      302.980
      303.990
      305.010
      306.000
      307.050
      308.060
      308.990
      309.960
      311.000
      312.020
      313.010
      314.010
      315.030
      316.050
      317.010
      317.960
      318.960
      320.010
      321.040
      322.020
      323.030
      324.040
      324.990
      325.960
      327.000
      328.030
      329.010
      329.990
      331.010
      332.040
      333.020
      333.990
      334.990
      336.010
      337.010
      338.000
      339.030
      340.050
      340.990
      341.960
      343.000
      344.030
      345.020
      346.000
      347.030
      348.060
      349.010
      349.970
      350.960
      351.990
      353.020
      354.010
      355.060
      356.060
      356.980
      357.950
      359.010
      360.040
      361.000
      361.980
      363.030
      364.070
      365.020
      365.990
      366.980
      368.000
      369.020
      369.990
      371.040
      372.060
      372.990
      373.970
      375.010
      376.030
      377.010
      377.990
      379.030
      380.050
      381.000
      381.960
      383.000
      384.040
      385.020
      386.000
      387.030
      388.050
      388.990
      389.950
      391.010
      392.040
      393.000
      393.990
      395.020
      396.050
      397.010
      397.980
      398.990
      400.010
      401.010
      401.990
      403.040
      404.060
      405.000
      405.970
      407.000
      408.020
      409.000
      409.990
      411.030
      412.070
      413.020
      413.980
      414.980
      416.000
      417.010
      417.990
      419.050
      420.070
      421.000
      421.960
      423.010
      424.030
      424.990
      425.990
      427.030
      428.070
      429.020
      430.000
      430.980
      431.990
      433.010
      434.000
      435.050
      436.070
      437.000
      437.970
      438.990
      440.020
      441.010
      442.000
      443.030
      444.060
      445.020
      445.980
      446.950
      447.990
      449.030
      450.010
      451.040
      452.060
      453.000
      453.960
      455.010
      456.030
      456.990
      457.980
      459.020
      460.060
      461.020
      461.990
      462.990
      464.000
      465.010
      466.000
      467.050
      468.060
      468.990
      469.960
      471.000
      472.030
      473.010
      473.990
      475.040
      476.070
      477.020
      477.980
      478.970
      479.990
      481.020
      482.000
      483.060
      484.070
      484.990
      485.960
      487.010
      488.030
      488.990
      489.990
      491.040
      492.070
      493.020
      494.000
      494.980
      495.980
      497.020
      498.000
      499.050
      500.070
      500.990
      501.970
      503.000
      504.030
      505.010
      506.000
      507.030
      508.060
      509.010
      509.960
      510.980
      512.020
      513.030
      514.010
      515.030
      516.050
      517.000
      517.960
      519.000
      520.030
      521.010
      521.990
      523.020
      524.060
      525.020
      525.990
      526.980
      528.000
      529.020
      530.000
      531.040
      532.060
      533.010
      533.970
      534.990
      536.020
      537.010
      538.000
      539.030
      540.060
      541.020
      541.980
      542.980
      544.010
      545.020
      546.000
      547.040
      548.060
      548.990
      549.960
      551.010
      552.030
      553.000
      553.990
      555.040
      556.060
      557.020
      557.990
      558.970
      559.990
      561.020
      562.010
      563.050
      564.070
      565.000
      565.970
      566.990
      568.020
      569.010
      570.000
      571.030
      572.070
      573.030
      573.980
      574.970
      576.000
      577.030
      578.010
      579.030
      580.050
      581.000
      581.970
      583.010
      584.030
      585.010
      585.990
      587.010
      588.050
      589.020
      590.000
      590.990
      592.010
      593.010
      594.000
      595.030
      596.060
      597.000
      597.970
      599.000
      600.020
      601.010
      602.000
      603.030
      604.060
      605.020
      605.980
      606.970
      608.000
      609.030
      610.010
      611.050
      612.060
      612.990
      613.960
      615.010
      616.030
      617.000
      617.990
      619.040
      620.070
      621.020
      622.000
      622.980
      623.990
      625.020
      626.000
      627.050
      628.070
      629.000
      629.960
      631.000
      632.030
      633.020
      634.010
      635.040
      636.050
      636.990
      637.940
      639.010
      640.060
      641.020
      642.000
      643.040
      644.050
      644.990
      645.960
      647.000
      648.030
      649.010
      650.000
      651.030
      652.060
      653.020
      653.990
      654.980
      655.990
      657.010
      658.000
      659.050
      660.070
      661.000
      661.970
      663.000
      664.020
      665.000
      665.990
      667.040
      668.060
      669.020
      669.990
      670.980
      672.010
      673.010
      673.990
      675.040
      676.070
      677.000
      677.960
      679.010
      680.030
      680.990
      681.990
      683.040
      684.070
      685.030
      686.000
      686.970
      687.990
      689.020
      690.000
      691.050
      692.070
      693.000
      693.970
      695.000
      696.020
      697.010
      698.000
      699.040
      700.070
      701.020
      701.980
      702.960
      704.000
      705.040
      706.010
      707.050
      708.060
      708.990
      709.960
      711.010
      712.030
      712.990
      713.990
      715.020
      716.060
      717.030
      718.000
      718.990
      719.990
      721.000
      721.990
      723.050
      724.070
      725.000
      725.970
      727.010
      728.030
      729.000
      729.980
      731.030
      732.070
      733.020
      733.980
      734.970
      736.000
      737.030
      738.000
      739.050
      740.070
      740.990
      741.970
      743.020
      744.030
      744.990
      745.980
      747.030
      748.070
      749.030
      750.010
      750.980
      751.980
      753.020
      754.000
      755.050
      756.070
      757.000
      757.970
      759.000
      760.030
      761.020
      762.010
      763.040
      764.050
      765.010
      765.970
      766.970
      768.020
      769.050
      770.020
      771.030
      772.040
      773.000
      773.970
      775.000
      776.030
      777.020
      778.010
      779.020
      780.040
      781.020
      781.990
      782.990
      784.010
      785.020
      786.000
      787.030
      788.060
      789.010
      789.970
      790.990
      792.010
      793.010
      794.010
      795.040
      796.060
      797.020
      797.970
      798.970
      800.010
      801.030
      802.010
      803.040
      804.060
      805.000
      805.970
      807.000
      808.020
      809.000
      810.000
      811.040
      812.070
      813.030
      814.000
      814.970
      815.990
      817.020
      818.010
      819.050
      820.060
      821.010
      821.980
      823.000
      824.020
      825.020
      826.010
      827.030
      828.060
      829.020
      829.980
      830.970
      832.020
      833.040
      834.020
      835.040
      836.050
      837.000
      837.970
      839.000
      840.030
      841.020
      842.010
      843.020
      844.040
      845.020
      846.000
      846.990
      848.000
      849.020
      850.010
      851.030
      852.060
      853.010
      853.970
      854.990
      856.020
      857.020
      858.010
      859.030
      860.050
      861.020
      861.980
      862.980
      864.010
      865.030
      866.010
      867.040
      868.060
      869.010
      869.970
      871.000
      872.020
      873.010
      874.000
      875.030
      876.060
      877.030
      878.000
      878.980
      879.990
      881.020
      882.010
      883.040
      884.060
      885.010
      885.980
      887.000
      888.030
      889.020
      890.020
      891.040
      892.050
      893.000
      893.950
      894.990
      896.050
      897.040
      898.010
      899.030
      900.050
      901.000
      901.960
      903.000
      904.030
      905.020
      906.010
      907.040
      908.060
      909.020
      909.980
      910.980
      912.000
      913.030
      914.010
      915.050
      916.060
      917.000
      917.970
      919.000
      920.020
      921.020
      922.010
      923.030
      924.060
      925.010
      925.980
      926.990
      928.020
      929.030
      930.010
      931.050
      932.070
      933.000
      933.960
      935.010
      936.030
      937.010
      938.000
      939.040
      940.070
      941.020
      942.000
      942.980
      943.990
      945.030
      946.010
      947.050
      948.070
      949.010
      949.970
      951.000
      952.020
      953.020
      954.010
      955.050
      956.060
      957.010
      957.980
      958.960
      960.010
      961.060
      962.030
      963.040
      964.050
      964.990
      965.970
      967.010
      968.030
      969.020
      970.000
      971.020
      972.050
      973.030
      974.000
      974.990
      976.000
      977.020
      978.010
      979.030
      980.050
      981.010
      981.990
      983.010
      984.020
      985.020
      986.010
      987.030
      988.050
      989.010
      989.980
      990.980
      992.010
      993.040
      994.020
      995.050
      996.060
      996.990
      997.960
      999.010
      1000.03
      1001.01
      1002.00
      1003.03
      1004.07
      1005.05
      1006.02
      1006.98
      1007.98
      1009.00
      1009.99
      1011.03
      1012.05
      1013.01
      1014.00
      1015.05
      1016.08
      1017.07
      1018.02
      1018.99
      1019.94
      1020.82
      1021.71
      1023.37
      1024.58
      1024.91
      1025.76
      1026.86
      1027.95
      1028.97
      1029.99
      1031.04
      1032.06
      1033.04
      1034.01
      1035.01
      1036.02
      1036.99
      1037.97
      1038.96
      1039.99
      1041.01
      1042.00
      1043.03
      1044.05
      1045.00
      1045.97
      1046.98
      1048.01
      1049.01
      1050.00
      1051.02
      1052.04
      1053.01
      1053.96
      1054.98
      1056.02
      1057.02
      1058.00
      1059.03
      1060.04
      1060.99
      1061.96
      1063.00
      1064.02
      1065.00
      1065.99
      1067.01
      1068.04
      1069.02
      1069.99
      1070.97
      1071.98
      1073.01
      1074.00
      1075.04
      1076.05
      1076.99
      1077.96
      1078.99
      1080.01
      1081.01
      1082.00
      1083.03
      1084.05
      1085.01
      1085.97
      1086.95
      1087.99
      1089.03
      1090.01
      1091.03
      1092.04
      1092.99
      1093.96
      1094.99
      1096.01
      1097.00
      1098.00
      1099.01
      1100.04
      1101.02
      1101.99
      1102.98
      1103.99
      1105.00
      1105.99
      1107.03
      1108.05
      1109.00
      1109.97
      1110.98
      1112.00
      1113.01
      1114.00
      1115.02
      1116.03
      1117.01
      1117.98
      1118.98
      1120.00
      1121.01
      1122.00
      1123.03
      1124.05
      1125.00
      1125.97
      1126.99
      1128.00
      1129.00
      1130.00
      1131.02
      1132.05
      1133.02
      1134.00
      1134.97
      1135.98
      1137.01
      1137.99
      1139.03
      1140.05
      1140.99
      1141.97
      1143.00
      1144.02
      1145.01
      1146.00
      1147.02
      1148.03
      1148.98
      1149.94
      1151.00
      1152.05
      1153.02
      1154.00
      1155.02
      1156.04
      1156.99
      1157.96
      1158.98
      1160.01
      1161.01
      1162.00
      1163.02
      1164.04
      1165.02
      1165.99
      1166.98
      1167.98
      1169.00
      1169.99
      1171.03
      1172.05
      1173.00
      1173.97
      1174.99
      1176.01
      1177.01
      1177.99
      1179.02
      1180.04
      1181.00
      1181.97
      1182.98
      1184.01
      1185.02
      1186.00
      1187.03
      1188.05
      1188.99
      1189.96
      1190.99
      1192.01
      1193.00
      1193.99
      1195.03
      1196.06
      1197.02
      1197.99
      1198.96
      1199.98
      1201.01
      1201.99
      1203.04
      1204.06
      1205.01
      1205.97
      1206.98
      1208.00
      1209.01
      1210.00
      1211.03
      1212.05
      1213.01
      1213.97
      1214.94
      1215.98
      1217.05
      1218.02
      1219.03
      1220.04
      1220.99
      1221.96
      1223.00
      1224.01
      1224.99
      1225.99
      1227.01
      1228.05
      1229.03
      1229.99
      1230.97
      1231.99
      1233.01
      1233.99
      1235.02
      1236.05
      1237.01
      1237.97
      1238.98
      1240.01
      1241.01
      1242.00
      1243.02
      1244.04
      1245.01
      1245.98
      1246.98
      1248.00
      1249.01
      1250.00
      1251.03
      1252.05
      1252.99
      1253.97
      1254.99
      1256.01
      1257.00
      1257.99
      1259.02
      1260.04
      1261.02
      1262.00
      1262.97
      1263.98
      1265.01
      1266.00
      1267.03
      1268.04
      1269.00
      1269.98
      1270.99
      1272.01
      1273.01
      1274.00
      1275.03
      1276.04
      1276.99
      1277.95
      1278.97
      1280.02
      1281.03
      1282.00
      1283.02
      1284.04
      1285.00
      1285.96
      1286.99
      1288.01
      1289.00
      1290.00
      1291.02
      1292.04
      1293.02
      1293.99
      1294.97
      1295.99
      1297.01
      1298.00
      1299.02
      1300.04
      1301.00
      1301.97
      1302.99
      1304.01
      1305.02
      1306.00
      1307.01
      1308.04
      1309.00
      1309.97
      1310.98
      1312.01
      1313.02
      1314.00
      1315.02
      1316.03
      1316.99
      1317.97
      1318.99
      1320.01
      1321.01
      1322.00
      1323.01
      1324.04
      1325.03
      1326.00
      1326.96
      1327.98
      1329.02
      1330.01
      1331.03
      1332.04
      1333.00
      1333.97
      1334.99
      1336.01
      1337.01
      1338.00
      1339.02
      1340.04
      1341.01
      1341.97
      1342.95
      1344.00
      1345.05
      1346.01
      1347.02
      1348.03
      1348.99
      1349.97
      1351.00
      1352.01
      1353.00
      1353.99
      1355.02
      1356.04
      1357.02
      1357.99
      1358.97
      1359.99
      1361.01
      1362.00
      1363.03
      1364.04
      1364.99
      1365.97
      1366.99
      1368.01
      1369.01
      1370.01
      1371.02
      1372.04
      1373.01
      1373.98
      1374.97
      1376.01
      1377.03
      1378.01
      1379.02
      1380.04
      1381.00
      1381.97
      1383.00
      1384.01
      1385.00
      1385.99
      1387.01
      1388.04
      1389.03
      1390.01
      1390.97
      1391.98
      1393.02
      1394.01
      1395.02
      1396.03
      1397.00
      1397.98
      1398.99
      1400.01
      1401.02
      1402.02
      1403.03
      1404.03
      1404.99
      1405.94
      1406.97
      1408.03
      1409.04
      1410.01
      1411.02
      1412.03
      1413.00
      1413.97
      1414.99
      1416.01
      1417.01
      1418.00
      1419.02
      1420.04
      1421.02
      1421.99
      1422.97
      1423.99
      1425.02
      1426.00
      1427.02
      1428.04
      1429.01
      1429.98
      1430.98
      1432.01
      1433.02
      1434.00
      1435.01
      1436.04
      1437.01
      1437.97
      1438.98
      1440.02
      1441.02
      1442.00
      1443.02
      1444.03
      1444.99
      1445.97
      1447.00
      1448.02
      1449.01
      1450.00
      1451.01
      1452.04
      1453.02
      1454.00
      1454.97
      1455.98
      1457.02
      1458.01
      1459.03
      1460.04
      1461.00
      1461.97
      1462.99
      1464.01
      1465.02
      1466.01
      1467.03
      1468.04
      1469.02
      1469.97
      1470.93
      1471.99
      1473.05
      1474.02
      1475.03
      1476.04
      1476.99
      1477.96
      1478.99
      1480.01
      1481.00
      1482.00
      1483.02
      1484.04
      1485.02
      1486.00
      1486.98
      1487.99
      1489.02
      1490.00
      1491.01
      1492.04
      1493.01
      1493.99
      1495.00
      1496.01
      1497.01
      1498.00
      1499.02
      1500.04
      1501.01
      1501.98
      1502.98
      1504.01
      1505.03
      1506.01
      1507.03
      1508.03
      1508.99
      1509.97
      1511.00
      1512.02
      1513.01
      1514.00
      1515.01
      1516.04
      1517.03
      1518.01
      1518.97
      1519.98
      1521.03
      1522.01
      1523.02
      1524.04
      1525.00
      1525.97
      1526.98
      1528.01
      1529.02
      1530.02
      1531.05
      1532.07
      1533.03
      1533.97
      1534.85
      1535.95
      1537.12
      1538.06
      1539.04
      1540.04
      1540.98
      1541.95
      1542.98
      1544.01
      1545.00
      1545.99
      1547.02
      1548.05
      1549.02
      1550.00
      1550.99
      1552.00
      1553.01
      1553.99
      1555.02
      1556.04
      1557.00
      1557.98
      1558.99
      1560.02
      1561.02
      1562.00
      1563.02
      1564.03
      1565.00
      1565.98
      1566.98
      1568.01
      1569.02
      1570.00
      1571.02
      1572.04
      1573.00
      1573.97
      1574.99
      1576.01
      1577.00
      1577.99
      1579.02
      1580.05
      1581.03
      1582.01
      1582.97
      1583.98
      1585.02
      1586.00
      1587.02
      1588.04
      1589.01
      1589.98
      1590.99
      1592.01
      1593.01
      1594.01
      1595.03
      1596.04
      1597.01
      1597.97
      1598.96
      1600.00
      1601.04
      1602.01
      1603.03
      1604.04
      1604.99
      1605.97
      1607.00
      1608.01
      1609.00
      1610.00
      1611.02
      1612.04
      1613.02
      1614.00
      1614.98
      1615.99
      1617.01
      1617.99
      1619.02
      1620.04
      1621.01
      1621.99
      1622.99
      1624.01
      1625.01
      1626.00
      1627.02
      1628.04
      1629.01
      1629.98
      1630.98
      1632.00
      1633.03
      1634.01
      1635.03
      1636.04
      1636.99
      1637.97
      1639.00
      1640.02
      1641.01
      1641.99
      1643.02
      1644.04
      1645.03
      1646.01
      1646.97
      1647.98
      1649.02
      1650.00
      1651.02
      1652.04
      1653.00
      1653.98
      1655.00
      1656.02
      1657.02
      1658.01
      1659.03
      1660.03
      1660.98
      1661.93
      1663.00
      1664.06
      1665.03
      1666.00
      1667.02
      1668.04
      1668.99
      1669.96
      1670.99
      1672.01
      1673.01
      1674.00
      1675.02
      1676.05
      1677.02
      1677.99
      1678.97
      1679.99
      1681.01
      1682.00
      1683.02
      1684.04
      1685.01
      1685.98
      1686.98
      1688.00
      1689.02
      1690.01
      1691.02
      1692.03
      1693.00
      1693.97
      1694.98
      1696.02
      1697.02
      1698.00
      1699.02
      1700.04
      1701.00
      1701.98
      1702.99
      1704.00
      1705.00
      1705.99
      1707.02
      1708.05
      1709.03
      1710.00
      1710.97
      1711.98
      1713.02
      1714.01
      1715.03
      1716.04
      1717.00
      1717.98
      1718.98
      1720.01
      1721.02
      1722.01
      1723.03
      1724.04
      1725.01
      1725.98
      1726.94
      1727.99
      1729.06
      1730.03
      1731.03
      1732.04
      1732.99
      1733.96
      1734.99
      1736.01
      1737.00
      1738.00
      1739.03
      1740.05
      1741.02
      1741.99
      1742.98
      1743.99
      1745.02
      1746.00
      1747.02
      1748.05
      1749.00
      1749.98
      1750.99
      1752.01
      1753.01
      1754.00
      1755.02
      1756.04
      1757.02
      1757.99
      1758.97
      1759.99
      1761.01
      1762.00
      1763.03
      1764.05
      1765.01
      1765.98
      1767.00
      1768.00
      1768.99
      1769.99
      1771.02
      1772.05
      1773.03
      1774.01
      1774.97
      1775.98
      1777.02
      1778.00
      1779.03
      1780.05
      1781.00
      1781.97
      1782.99
      1784.00
      1785.01
      1786.01
      1787.04
      1788.06
      1789.02
      1789.97
      1790.92
      1791.98
      1793.06
      1794.03
      1795.05
      1796.05
      1796.99
      1797.96
      1798.99
      1800.01
      1801.00
      1802.00
      1803.03
      1804.05
      1805.02
      1805.99
      1806.98
      1807.99
      1809.02
      1810.00
      1811.03
      1812.05
      1812.99
      1813.97
      1815.00
      1816.02
      1817.01
      1818.00
      1819.04
      1820.06
      1821.00
      1821.96
      1822.98
      1824.01
      1825.02
      1826.00
      1827.04
      1828.06
      1829.00
      1829.97
      1831.00
      1832.01
      1832.99
      1833.99
      1835.04
      1836.06
      1837.02
      1838.00
      1838.97
      1839.98
      1841.02
      1842.01
      1843.04
      1844.05
      1844.99
      1845.97
      1846.99
      1848.02
      1849.01
      1850.00
      1851.04
      1852.05
      1853.01
      1853.98
      1854.95
      1855.99
      1857.04
      1858.01
      1859.04
      1860.05
      1861.00
      1861.96
      1862.99
      1864.01
      1864.99
      1865.99
      1867.04
      1868.06
      1869.02
      1870.00
      1870.98
      1871.98
      1873.01
      1874.00
      1875.04
      1876.05
      1876.99
      1877.97
      1879.00
      1880.02
      1881.00
      1881.99
      1883.03
      1884.05
      1885.00
      1885.98
      1886.98
      1888.01
      1889.02
      1890.01
      1891.04
      1892.05
      1892.98
      1893.96
      1895.01
      1896.02
      1896.99
      1897.99
      1899.04
      1900.06
      1901.02
      1902.00
      1902.97
      1903.98
      1905.01
      1906.00
      1907.04
      1908.05
      1909.00
      1909.98
      1911.00
      1912.02
      1913.00
      1914.00
      1915.04
      1916.05
      1916.99
      1917.93
      1919.00
      1920.06
      1921.02
      1921.99
      1923.02
      1924.04
      1924.99
      1925.97
      1927.00
      1928.02
      1929.00
      1929.99
      1931.02
      1932.05
      1933.02
      1933.99
      1934.98
      1935.99
      1937.01
      1938.00
      1939.04
      1940.06
      1941.00
      1941.97
      1942.99
      1944.01
      1945.01
      1945.99
      1947.03
      1948.05
      1949.01
      1949.98
      1950.98
      1952.02
      1953.02
      1953.99
      1955.03
      1956.05
      1957.00
      1957.98
      1959.01
      1960.02
      1960.99
      1961.98
      1963.02
      1964.06
      1965.03
      1966.01
      1966.98
      1967.98
      1969.01
      1970.00
      1971.04
      1972.06
      1973.01
      1973.98
      1974.99
      1976.01
      1977.01
      1978.01
      1979.04
      1980.06
      1981.02
      1981.98
      1982.93
      1983.98
      1985.06
      1986.03
      1987.05
      1988.05
      1988.98
      1989.96
      1990.99
      1992.02
      1993.00
      1994.00
      1995.03
      1996.05
      1997.01
      1997.99
      1998.98
      2000.00
      2001.01
      2002.00
      2003.04
      2004.05
      2004.99
      2005.97
      2006.99
      2008.02
      2009.01
      2010.00
      2011.04
      2012.05
      2013.01
      2013.98
      2014.98
      2016.00
      2017.01
      2018.00
      2019.04
      2020.06
      2021.00
      2021.98
      2023.00
      2024.01
      2024.99
      2025.99
      2027.03
      2028.04
      2029.01
      2030.00
      2030.99
      2032.01
      2033.05
      2034.04
      2035.05
      2036.04
      2036.97
      2037.92
      2038.92
      2039.95
      2040.99
      2042.08
      2043.23
      2044.37
      2045.41
      2045.97
      2046.07
      2047.54
      2049.43
      2050.28
      2051.16
      2052.04
      2052.92
      2053.84
      2054.86
      2055.91
      2056.95
      2057.98
      2059.02
      2060.05
      2061.03
      2061.99
      2062.96
      2063.97
      2064.98
      2065.97
      2066.99
      2068.02
      2068.97
      2069.96
      2070.97
      2071.99
      2072.99
      2073.98
      2075.00
      2076.02
      2076.99
      2077.96
      2078.96
      2079.98
      2080.99
      2081.99
      2083.02
      2084.02
      2084.97
      2085.95
      2086.97
      2087.99
      2088.98
      2089.97
      2091.00
      2092.02
      2093.00
      2093.98
      2094.95
      2095.96
      2096.99
      2097.98
      2099.01
      2100.02
      2100.98
      2101.96
      2102.97
      2103.98
      2104.99
      2105.99
      2107.01
      2108.03
      2108.99
      2109.96
      2110.93
      2111.96
      2113.01
      2114.00
      2115.02
      2116.02
      2116.97
      2117.95
      2118.98
      2119.99
      2120.97
      2121.97
      2123.00
      2124.03
      2125.00
      2125.97
      2126.96
      2127.97
      2128.98
      2129.98
      2131.01
      2132.02
      2132.98
      2133.96
      2134.97
      2135.98
      2136.98
      2137.98
      2139.00
      2140.02
      2140.99
      2141.97
      2142.96
      2143.97
      2145.00
      2145.98
      2147.01
      2148.02
      2148.97
      2149.96
      2150.98
      2151.99
      2152.98
      2153.97
      2155.00
      2156.02
      2157.00
      2157.98
      2158.96
      2159.97
      2160.99
      2161.97
      2163.00
      2164.02
      2164.98
      2165.97
      2166.99
      2167.99
      2168.98
      2169.98
      2171.01
      2172.01
      2172.97
      2173.93
      2174.97
      2176.02
      2177.00
      2177.98
      2179.00
      2180.01
      2180.97
      2181.95
      2182.97
      2183.98
      2184.98
      2185.98
      2187.01
      2188.03
      2189.00
      2189.97
      2190.95
      2191.96
      2192.98
      2193.98
      2195.01
      2196.03
      2196.98
      2197.96
      2198.97
      2199.99
      2200.99
      2201.98
      2203.01
      2204.02
      2204.98
      2205.95
      2206.96
      2207.99
      2209.00
      2209.99
      2211.02
      2212.02
      2212.97
      2213.95
      2214.97
      2215.99
      2216.99
      2217.98
      2219.00
      2220.02
      2221.00
      2221.98
      2222.96
      2223.97
      2224.99
      2225.98
      2227.01
      2228.02
      2228.98
      2229.96
      2230.97
      2231.98
      2232.98
      2233.98
      2235.01
      2236.04
      2237.00
      2237.96
      2238.91
      2239.95
      2241.02
      2242.00
      2243.02
      2244.02
      2244.97
      2245.95
      2246.98
      2247.99
      2248.97
      2249.97
      2251.00
      2252.03
      2253.00
      2253.98
      2254.96
      2255.97
      2256.98
      2257.97
      2259.01
      2260.02
      2260.98
      2261.96
      2262.97
      2263.98
      2264.98
      2265.98
      2267.01
      2268.02
      2268.99
      2269.96
      2270.96
      2271.98
      2272.99
      2273.98
      2275.02
      2276.02
      2276.97
      2277.95
      2278.98
      2279.99
      2280.97
      2281.97
      2283.01
      2284.04
      2285.00
      2285.97
      2286.95
      2287.96
      2288.98
      2289.98
      2291.02
      2292.03
      2292.98
      2293.96
      2294.97
      2295.98
      2296.98
      2297.98
      2299.02
      2300.04
      2300.99
      2301.96
      2302.91
      2303.97
      2305.04
      2306.00
      2307.02
      2308.02
      2308.97
      2309.94
      2310.97
      2311.99
      2312.98
      2313.98
      2315.01
      2316.03
      2317.00
      2317.97
      2318.96
      2319.96
      2320.98
      2321.98
      2323.02
      2324.03
      2324.98
      2325.96
      2326.97
      2327.98
      2328.98
      2329.97
      2331.02
      2332.04
      2332.98
      2333.95
      2334.96
      2335.98
      2336.99
      2337.97
      2339.02
      2340.04
      2340.98
      2341.95
      2342.97
      2343.99
      2344.97
      2345.97
      2347.01
      2348.03
      2348.99
      2349.98
      2350.96
      2351.96
      2352.98
      2353.98
      2355.02
      2356.03
      2356.98
      2357.96
      2358.98
      2359.98
      2360.97
      2361.97
      2363.02
      2364.05
      2364.99
      2365.97
      2366.93
      2367.95
      2369.01
      2370.00
      2371.03
      2372.03
      2372.97
      2373.94
      2374.97
      2375.99
      2376.97
      2377.97
      2379.02
      2380.03
      2380.99
      2381.97
      2382.97
      2383.97
      2384.98
      2385.97
      2387.02
      2388.03
      2388.98
      2389.96
      2390.98
      2391.99
      2392.98
      2393.97
      2395.01
      2396.03
      2396.98
      2397.96
      2398.97
      2399.99
      2400.99
      2401.97
      2403.02
      2404.03
      2404.97
      2405.95
      2406.98
      2408.00
      2408.98
      2409.97
      2411.01
      2412.03
      2412.98
      2413.97
      2414.97
      2415.97
      2416.98
      2417.97
      2419.03
      2420.04
      2420.97
      2421.95
      2422.97
      2423.99
      2424.99
      2425.99
      2427.03
      2428.03
      2428.96
      2429.91
      2430.97
      2432.03
      2433.00
      2433.98
      2435.02
      2436.03
      2436.96
      2437.93
      2438.97
      2439.99
      2440.98
      2441.98
      2443.03
      2444.04
      2444.99
      2445.96
      2446.96
      2447.97
      2448.98
      2449.97
      2451.03
      2452.04
      2452.97
      2453.96
      2454.98
      2455.98
      2456.97
      2457.97
      2459.03
      2460.04
      2460.98
      2461.95
      2462.96
      2463.98
      2464.99
      2465.97
      2467.03
      2468.04
      2468.97
      2469.95
      2470.98
      2471.99
      2472.96
      2473.97
      2475.03
      2476.05
      2476.99
      2477.97
      2478.95
      2479.96
      2480.99
      2481.98
      2483.04
      2484.05
      2484.97
      2485.94
      2486.97
      2487.99
      2488.97
      2489.98
      2491.04
      2492.05
      2492.99
      2493.95
      2494.91
      2495.96
      2497.03
      2498.00
      2499.05
      2500.04
      2500.95
      2501.93
      2502.97
      2503.99
      2504.97
      2505.97
      2507.03
      2508.05
      2508.98
      2509.97
      2510.96
      2511.97
      2512.98
      2513.97
      2515.02
      2516.04
      2516.97
      2517.96
      2518.99
      2519.99
      2520.97
      2521.96
      2523.03
      2524.04
      2524.98
      2525.96
      2526.96
      2527.97
      2528.98
      2529.97
      2531.03
      2532.05
      2532.97
      2533.95
      2534.98
      2535.99
      2536.96
      2537.96
      2539.03
      2540.05
      2540.99
      2541.98
      2542.97
      2543.97
      2544.97
      2545.96
      2547.03
      2548.04
      2548.97
      2549.95
      2550.99
      2552.00
      2552.98
      2553.98
      2555.04
      2556.04
      2556.95
      2557.90
      2558.94
      2560.03
      2561.04
      2562.00
      2563.02
      2564.02
      2564.96
      2565.93
      2566.97
      2567.98
      2568.98
      2569.98
      2571.03
      2572.03
      2572.99
      2573.97
      2574.97
      2575.97
      2576.98
      2577.97
      2579.02
      2580.04
      2580.98
      2581.96
      2582.98
      2583.98
      2584.97
      2585.97
      2587.02
      2588.05
      2589.00
      2589.96
      2590.96
      2591.98
      2592.98
      2593.97
      2595.02
      2596.04
      2596.98
      2597.96
      2598.98
      2599.99
      2600.98
      2601.96
      2603.00
      2604.03
      2604.99
      2605.99
      2606.97
      2607.98
      2608.99
      2609.96
      2611.02
      2612.04
      2612.98
      2613.96
      2614.98
      2615.99
      2616.98
      2617.98
      2619.03
      2620.04
      2620.98
      2621.96
      2622.93
      2623.97
      2625.02
      2625.99
      2627.03
      2628.03
      2628.97
      2629.95
      2630.98
      2632.00
      2632.98
      2633.97
      2635.01
      2636.03
      2636.99
      2637.98
      2638.97
      2639.97
      2640.98
      2641.97
      2643.03
      2644.04
      2644.98
      2645.95
      2646.97
      2647.99
      2648.99
      2649.98
      2651.01
      2652.03
      2652.98
      2653.96
      2654.97
      2655.99
      2657.00
      2657.98
      2659.02
      2660.03
      2660.96
      2661.95
      2662.98
      2663.99
      2664.98
      2665.98
      2667.02
      2668.04
      2668.98
      2669.97
      2670.97
      2671.97
      2672.98
      2673.97
      2675.03
      2676.04
      2676.97
      2677.96
      2678.98
      2680.00
      2680.99
      2681.98
      2683.03
      2684.03
      2684.95
      2685.91
      2686.99
      2688.04
      2689.00
      2689.97
      2691.01
      2692.02
      2692.96
      2693.95
      2694.98
      2696.00
      2696.98
      2697.97
      2699.02
      2700.03
      2700.98
      2701.97
      2702.97
      2703.98
      2704.98
      2705.97
      2707.02
      2708.04
      2708.98
      2709.96
      2710.97
      2711.99
      2712.98
      2713.97
      2715.03
      2716.05
      2716.98
      2717.95
      2718.96
      2719.99
      2720.99
      2721.98
      2723.03
      2724.03
      2724.97
      2725.95
      2726.99
      2728.00
      2728.97
      2729.96
      2731.02
      2732.04
      2732.99
      2733.98
      2734.96
      2735.96
      2736.99
      2737.98
      2739.03
      2740.03
      2740.97
      2741.96
      2742.98
      2743.99
      2744.98
      2745.97
      2747.03
      2748.05
      2748.98
      2749.96
      2750.92
      2751.97
      2753.04
      2754.00
      2755.03
      2756.03
      2756.96
      2757.95
      2758.98
      2759.99
      2760.98
      2761.97
      2763.02
      2764.04
      2764.99
      2765.98
      2766.96
      2767.97
      2768.98
      2769.97
      2771.03
      2772.05
      2772.98
      2773.96
      2774.97
      2775.98
      2776.98
      2777.98
      2779.03
      2780.04
      2780.99
      2781.96
      2782.95
      2783.97
      2784.99
      2785.99
      2787.03
      2788.05
      2788.98
      2789.95
      2790.98
      2791.98
      2792.96
      2793.96
      2795.03
      2796.05
      2797.00
      2797.98
      2798.96
      2799.97
      2800.99
      2801.97
      2803.03
      2804.04
      2804.97
      2805.96
      2806.98
      2807.99
      2808.98
      2809.99
      2811.04
      2812.05
      2812.99
      2813.96
      2814.91
      2815.95
      2817.04
      2818.01
      2819.04
      2820.03
      2820.97
      2821.94
      2822.96
      2823.99
      2824.99
      2825.98
      2827.02
      2828.04
      2828.99
      2829.97
      2830.96
      2831.97
      2832.98
      2833.97
      2835.02
      2836.04
      2836.99
      2837.97
      2838.97
      2839.98
      2840.98
      2841.98
      2843.02
      2844.04
      2844.99
      2845.96
      2846.97
      2847.99
      2848.99
      2849.98
      2851.03
      2852.03
      2852.97
      2853.96
      2854.98
      2855.99
      2856.98
      2857.98
      2859.02
      2860.04
      2860.99
      2861.97
      2862.96
      2863.97
      2864.99
      2865.98
      2867.03
      2868.04
      2868.98
      2869.96
      2870.97
      2871.98
      2872.99
      2873.98
      2875.02
      2876.04
      2877.00
      2877.97
      2878.93
      2879.96
      2881.02
      2882.00
      2883.03
      2884.03
      2884.97
      2885.96
      2886.98
      2887.99
      2888.98
      2889.97
      2891.01
      2892.04
      2893.00
      2893.98
      2894.97
      2895.98
      2896.98
      2897.97
      2899.02
      2900.04
      2900.99
      2901.97
      2902.97
      2903.99
      2904.99
      2905.98
      2907.01
      2908.03
      2908.99
      2909.97
      2910.97
      2911.98
      2912.99
      2913.98
      2915.02
      2916.02
      2916.98
      2917.97
      2918.99
      2919.99
      2920.97
      2921.97
      2923.02
      2924.04
      2925.00
      2925.98
      2926.96
      2927.97
      2928.98
      2929.98
      2931.03
      2932.03
      2932.97
      2933.97
      2934.98
      2935.99
      2936.99
      2937.99
      2939.03
      2940.03
      2940.98
      2941.94
      2942.97
      2944.01
      2945.00
      2945.99
      2947.02
      2948.03
      2948.98
      2949.95
      2950.97
      2951.99
      2952.98
      2953.98
      2955.03
      2956.04
      2956.99
      2957.97
      2958.97
      2959.97
      2960.98
      2961.98
      2963.03
      2964.04
      2964.98
      2965.96
      2966.98
      2967.99
      2968.98
      2969.97
      2971.02
      2972.03
      2972.99
      2973.97
      2974.97
      2975.99
      2976.99
      2977.98
      2979.03
      2980.04
      2980.98
      2981.95
      2982.98
      2983.99
      2984.98
      2985.97
      2987.02
      2988.04
      2988.99
      2989.98
      2990.97
      2991.97
      2992.99
      2993.98
      2995.03
      2996.04
      2996.98
      2997.96
      2998.97
      2999.99
      3000.99
      3001.98
      3003.03
      3004.04
      3004.99
      3005.96
      3006.92
      3007.97
      3009.03
      3010.00
      3011.03
      3012.03
      3012.97
      3013.95
      3014.98
      3015.99
      3016.98
      3017.97
      3019.01
      3020.03
      3021.00
      3021.99
      3022.97
      3023.96
      3024.98
      3025.98
      3027.02
      3028.04
      3028.98
      3029.96
      3030.98
      3031.99
      3032.99
      3033.98
      3035.01
      3036.03
      3036.99
      3037.97
      3038.97
      3039.99
      3041.00
      3041.98
      3043.02
      3044.03
      3044.98
      3045.97
      3046.98
      3047.98
      3048.97
      3049.98
      3051.03
      3052.07
      3053.05
      3054.04
      3055.01
      3055.97
      3056.94
      3057.88
      3058.89
      3059.92
      3060.94
      3062.06
      3063.24
      3064.38
      3065.40
      3066.30
      3067.12
      3067.84
      3068.47
      3069.10
      3071.52
      3073.60
      3073.61
      3073.62
      3073.65
      3074.23
      3075.61
      3077.27
      3078.74
      3079.97
      3081.00
      3081.94
      3082.85
      3083.75
      3084.65
      3085.60
      3086.61
      3087.66
      3088.72
      3089.76
      3090.80
      3091.82
      3092.79
      3093.76
      3094.74
      3095.74
      3096.75
      3097.74
      3098.75
      3099.77
      3100.76
      3101.74
      3102.74
      3103.75
      3104.75
      3105.75
      3106.76
      3107.77
      3108.74
      3109.73
      3110.75
      3111.76
      3112.75
      3113.74
      3114.76
      3115.77
      3116.76
      3117.74
      3118.73
      3119.74
      3120.76
      3121.76
      3122.77
      3123.77
      3124.75
      3125.73
      3126.74
      3127.74
      3128.74
      3129.75
      3130.77
      3131.78
      3132.77
      3133.74
      3134.69
      3135.72
      3136.78
      3137.76
      3138.77
      3139.77
      3140.75
      3141.73
      3142.74
      3143.75
      3144.75
      3145.75
      3146.75
      3147.76
      3148.76
      3149.75
      3150.74
      3151.74
      3152.75
      3153.75
      3154.75
      3155.76
      3156.75
      3157.75
      3158.75
      3159.75
      3160.76
      3161.75
      3162.75
      3163.76
      3164.76
      3165.74
      3166.74
      3167.75
      3168.76
      3169.75
      3170.76
      3171.76
      3172.75
      3173.74
      3174.75
      3175.75
      3176.75
      3177.75
      3178.75
      3179.77
      3180.76
      3181.75
      3182.74
      3183.74
      3184.75
      3185.74
      3186.75
      3187.76
      3188.75
      3189.74
      3190.75
      3191.75
      3192.76
      3193.77
      3194.77
      3195.75
      3196.72
      3197.70
      3198.75
      3199.79
      3200.77
      3201.75
      3202.75
      3203.76
      3204.75
      3205.73
      3206.73
      3207.75
      3208.76
      3209.76
      3210.75
      3211.77
      3212.76
      3213.74
      3214.74
      3215.74
      3216.74
      3217.74
      3218.76
      3219.78
      3220.76
      3221.74
      3222.74
      3223.74
      3224.75
      3225.75
      3226.76
      3227.77
      3228.75
      3229.73
      3230.74
      3231.76
      3232.76
      3233.75
      3234.75
      3235.77
      3236.75
      3237.74
      3238.75
      3239.74
      3240.74
      3241.75
      3242.76
      3243.78
      3244.76
      3245.74
      3246.73
      3247.74
      3248.76
      3249.75
      3250.76
      3251.77
      3252.75
      3253.73
      3254.74
      3255.76
      3256.75
      3257.74
      3258.77
      3259.78
      3260.77
      3261.74
      3262.68
      3263.72
      3264.80
      3265.77
      3266.77
      3267.77
      3268.75
      3269.73
      3270.74
      3271.75
      3272.75
      3273.75
      3274.76
      3275.76
      3276.75
      3277.75
      3278.75
      3279.75
      3280.76
      3281.75
      3282.75
      3283.76
      3284.75
      3285.74
      3286.74
      3287.75
      3288.76
      3289.75
      3290.76
      3291.77
      3292.75
      3293.74
      3294.73
      3295.75
      3296.76
      3297.75
      3298.76
      3299.77
      3300.75
      3301.74
      3302.75
      3303.76
      3304.75
      3305.74
      3306.75
      3307.77
      3308.76
      3309.75
      3310.74
      3311.74
      3312.75
      3313.75
      3314.76
      3315.77
      3316.74
      3317.74
      3318.74
      3319.74
      3320.75
      3321.76
      3322.78
      3323.79
      3324.75
      3325.73
      3326.68
      3327.73
      3328.81
      3329.78
      3330.76
      3331.77
      3332.74
      3333.73
      3334.74
      3335.75
      3336.74
      3337.74
      3338.76
      3339.78
      3340.77
      3341.75
      3342.74
      3343.74
      3344.74
      3345.74
      3346.76
      3347.78
      3348.75
      3349.74
      3350.75
      3351.75
      3352.75
      3353.75
      3354.76
      3355.78
      3356.76
      3357.72
      3358.74
      3359.76
      3360.76
      3361.74
      3362.76
      3363.77
      3364.75
      3365.73
      3366.75
      3367.75
      3368.74
      3369.74
      3370.76
      3371.78
      3372.77
      3373.75
      3374.74
      3375.74
      3376.74
      3377.74
      3378.77
      3379.78
      3380.75
      3381.74
      3382.74
      3383.74
      3384.75
      3385.75
      3386.77
      3387.78
      3388.77
      3389.74
      3390.69
      3391.72
      3392.79
      3393.77
      3394.78
      3395.77
      3396.74
      3397.73
      3398.74
      3399.75
      3400.75
      3401.75
      3402.76
      3403.78
      3404.77
      3405.74
      3406.73
      3407.74
      3408.75
      3409.75
      3410.77
      3411.78
      3412.75
      3413.73
      3414.74
      3415.75
      3416.76
      3417.76
      3418.76
      3419.77
      3420.75
      3421.74
      3422.75
      3423.75
      3424.75
      3425.75
      3426.76
      3427.77
      3428.74
      3429.74
      3430.77
      3431.77
      3432.74
      3433.73
      3434.75
      3435.77
      3436.76
      3437.76
      3438.75
      3439.75
      3440.75
      3441.74
      3442.75
      3443.76
      3444.74
      3445.74
      3446.76
      3447.77
      3448.76
      3449.76
      3450.76
      3451.77
      3452.74
      3453.71
      3454.74
      3455.79
      3456.77
      3457.75
      3458.76
      3459.77
      3460.75
      3461.73
      3462.75
      3463.76
      3464.74
      3465.74
      3466.76
      3467.79
      3468.77
      3469.75
      3470.74
      3471.74
      3472.75
      3473.74
      3474.76
      3475.78
      3476.75
      3477.74
      3478.75
      3479.75
      3480.75
      3481.75
      3482.76
      3483.77
      3484.75
      3485.73
      3486.75
      3487.76
      3488.75
      3489.75
      3490.77
      3491.78
      3492.74
      3493.73
      3494.75
      3495.75
      3496.74
      3497.74
      3498.78
      3499.80
      3500.76
      3501.74
      3502.72
      3503.73
      3504.76
      3505.75
      3506.78
      3507.79
      3508.75
      3509.73
      3510.74
      3511.75
      3512.75
      3513.75
      3514.78
      3515.80
      3516.77
      3517.74
      3518.66
      3519.70
      3520.80
      3521.79
      3522.80
      3523.79
      3524.74
      3525.72
      3526.73
      3527.75
      3528.74
      3529.74
      3530.77
      3531.78
      3532.77
      3533.75
      3534.75
      3535.74
      3536.74
      3537.73
      3538.75
      3539.78
      3540.76
      3541.74
      3542.75
      3543.76
      3544.75
      3545.75
      3546.76
      3547.76
      3548.75
      3549.74
      3550.76
      3551.77
      3552.76
      3553.74
      3554.76
      3555.77
      3556.75
      3557.74
      3558.76
      3559.75
      3560.74
      3561.74
      3562.76
      3563.78
      3564.77
      3565.76
      3566.74
      3567.74
      3568.75
      3569.74
      3570.77
      3571.78
      3572.75
      3573.73
      3574.75
      3575.75
      3576.75
      3577.77
      3578.80
      3579.80
      3580.76
      3581.69
      3582.62
      3583.74
      3584.86
      3585.81
      3586.77
      3587.75
      3588.73
      3589.71
      3590.73
      3591.75
      3592.75
      3593.76
      3594.76
      3595.76
      3596.77
      3597.75
      3598.75
      3599.75
      3600.74
      3601.74
      3602.76
      3603.77
      3604.76
      3605.74
      3606.75
      3607.76
      3608.76
      3609.74
      3610.75
      3611.77
      3612.77
      3613.74
      3614.74
      3615.75
      3616.76
      3617.75
      3618.76
      3619.76
      3620.74
      3621.74
      3622.76
      3623.76
      3624.75
      3625.75
      3626.75
      3627.76
      3628.76
      3629.75
      3630.74
      3631.75
      3632.77
      3633.75
      3634.75
      3635.76
      3636.75
      3637.73
      3638.74
      3639.75
      3640.77
      3641.77
      3642.77
      3643.77
      3644.76
      3645.74
      3646.69
      3647.72
      3648.79
      3649.78
      3650.77
      3651.76
      3652.76
      3653.74
      3654.74
      3655.74
      3656.75
      3657.75
      3658.75
      3659.77
      3660.77
      3661.75
      3662.74
      3663.74
      3664.76
      3665.76
      3666.75
      3667.76
      3668.76
      3669.74
      3670.75
      3671.76
      3672.76
      3673.76
      3674.74
      3675.75
      3676.77
      3677.76
      3678.75
      3679.75
      3680.76
      3681.75
      3682.75
      3683.75
      3684.76
      3685.75
      3686.76
      3687.76
      3688.75
      3689.75
      3690.74
      3691.75
      3692.77
      3693.76
      3694.75
      3695.75
      3696.76
      3697.75
      3698.73
      3699.75
      3700.76
      3701.76
      3702.76
      3703.76
      3704.77
      3705.77
      3706.75
      3707.75
      3708.74
      3709.71
      3710.75
      3711.80
      3712.78
      3713.76
      3714.75
      3715.75
      3716.76
      3717.75
      3718.75
      3719.74
      3720.74
      3721.75
      3722.75
      3723.77
      3724.79
      3725.76
      3726.73
      3727.74
      3728.75
      3729.75
      3730.75
      3731.76
      3732.76
      3733.75
      3734.76
      3735.76
      3736.76
      3737.76
      3738.75
      3739.76
      3740.76
      3741.74
      3742.74
      3743.76
      3744.76
      3745.76
      3746.76
      3747.77
      3748.76
      3749.74
      3750.75
      3751.75
      3752.75
      3753.75
      3754.75
      3755.77
      3756.78
      3757.76
      3758.74
      3759.74
      3760.76
      3761.75
      3762.75
      3763.76
      3764.76
      3765.75
      3766.75
      3767.76
      3768.76
      3769.76
      3770.76
      3771.77
      3772.77
      3773.75
      3774.69
      3775.73
      3776.81
      3777.79
      3778.76
      3779.75
      3780.75
      3781.73
      3782.74
      3783.76
      3784.76
      3785.75
      3786.74
      3787.76
      3788.77
      3789.76
      3790.75
      3791.74
      3792.76
      3793.75
      3794.74
      3795.76
      3796.77
      3797.75
      3798.74
      3799.75
      3800.76
      3801.76
      3802.75
      3803.76
      3804.77
      3805.75
      3806.74
      3807.75
      3808.77
      3809.76
      3810.74
      3811.76
      3812.77
      3813.75
      3814.75
      3815.75
      3816.75
      3817.76
      3818.75
      3819.76
      3820.77
      3821.77
      3822.75
      3823.74
      3824.76
      3825.76
      3826.76
      3827.76
      3828.76
      3829.75
      3830.75
      3831.75
      3832.75
      3833.76
      3834.77
      3835.79
      3836.79
      3837.77
      3838.66
      3839.69
      3840.82
      3841.79
      3842.76
      3843.76
      3844.77
      3845.75
      3846.75
      3847.74
      3848.74
      3849.75
      3850.75
      3851.77
      3852.78
      3853.76
      3854.75
      3855.75
      3856.76
      3857.76
      3858.75
      3859.75
      3860.76
      3861.75
      3862.77
      3863.77
      3864.76
      3865.76
      3866.75
      3867.76
      3868.76
      3869.74
      3870.76
      3871.78
      3872.76
      3873.76
      3874.75
      3875.76
      3876.77
      3877.75
      3878.76
      3879.76
      3880.75
      3881.75
      3882.76
      3883.77
      3884.78
      3885.77
      3886.75
      3887.74
      3888.76
      3889.76
      3890.76
      3891.77
      3892.76
      3893.75
      3894.76
      3895.76
      3896.76
      3897.76
      3898.76
      3899.78
      3900.78
      3901.75
      3902.69
      3903.73
      3904.81
      3905.79
      3906.76
      3907.76
      3908.76
      3909.74
      3910.75
      3911.75
      3912.76
      3913.77
      3914.74
      3915.75
      3916.78
      3917.77
      3918.75
      3919.75
      3920.76
      3921.77
      3922.74
      3923.74
      3924.77
      3925.76
      3926.76
      3927.76
      3928.76
      3929.76
      3930.74
      3931.75
      3932.78
      3933.76
      3934.75
      3935.77
      3936.77
      3937.77
      3938.74
      3939.75
      3940.77
      3941.76
      3942.76
      3943.76
      3944.76
      3945.76
      3946.74
      3947.75
      3948.79
      3949.78
      3950.76
      3951.75
      3952.76
      3953.76
      3954.74
      3955.75
      3956.76
      3957.76
      3958.77
      3959.78
      3960.77
      3961.77
      3962.75
      3963.75
      3964.75
      3965.73
      3966.74
      3967.78
      3968.79
      3969.78
      3970.75
      3971.75
      3972.75
      3973.74
      3974.76
      3975.77
      3976.76
      3977.76
      3978.75
      3979.77
      3980.77
      3981.76
      3982.75
      3983.75
      3984.75
      3985.75
      3986.76
      3987.77
      3988.76
      3989.75
      3990.76
      3991.76
      3992.75
      3993.76
      3994.76
      3995.77
      3996.76
      3997.74
      3998.75
      3999.77
      4000.76
      4001.75
      4002.76
      4003.77
      4004.76
      4005.75
      4006.76
      4007.76
      4008.75
      4009.75
      4010.76
      4011.77
      4012.77
      4013.77
      4014.75
      4015.74
      4016.75
      4017.76
      4018.77
      4019.77
      4020.76
      4021.75
      4022.76
      4023.76
      4024.76
      4025.77
      4026.77
      4027.77
      4028.77
      4029.76
      4030.70
      4031.74
      4032.82
      4033.79
      4034.75
      4035.75
      4036.76
      4037.75
      4038.76
      4039.76
      4040.76
      4041.76
      4042.74
      4043.75
      4044.78
      4045.77
      4046.75
      4047.75
      4048.77
      4049.77
      4050.74
      4051.75
      4052.77
      4053.77
      4054.77
      4055.77
      4056.77
      4057.77
      4058.74
      4059.75
      4060.78
      4061.76
      4062.76
      4063.78
      4064.78
      4065.77
      4066.74
      4067.75
      4068.77
      4069.76
      4070.77
      4071.77
      4072.76
      4073.77
      4074.75
      4075.76
      4076.79
      4077.78
      4078.76
      4079.76
      4080.77
      4081.77
      4082.75
      4083.76
      4084.77
      4085.77
      4086.77
      4087.78
      4088.78
      4089.78
      4090.75
      4091.75
      4092.76
      4093.74
      4094.77
