PDS_VERSION_ID         = PDS3
RECORD_TYPE            = STREAM
OBJECT                 = TEXT
  PUBLICATION_DATE     = 2019-04-02
  INTERCHANGE_FORMAT   = ASCII
  NOTE                 = "File contaning bitweight corrrection for WAC, gain 
                         state 3, and temperature -10 degrees Celsius derived 
                         during ground calibration."
END_OBJECT             = TEXT
END

\begindata
      0.00000
      1.00000
      2.00000
      3.00000
      4.00000
      5.00000
      6.00000
      7.00000
      8.00000
      9.00000
      10.0000
      11.0000
      12.0000
      13.0000
      14.0000
      15.0000
      16.0000
      17.0000
      18.0000
      19.0000
      20.0000
      21.0000
      22.0000
      23.0000
      24.0000
      25.0000
      26.0000
      27.0000
      28.0000
      29.0000
      30.0000
      31.0000
      32.0000
      33.0000
      34.0000
      35.0000
      36.0000
      37.0000
      38.0000
      39.0000
      40.0000
      41.0000
      42.0000
      43.0000
      44.0000
      45.0000
      46.0000
      47.0000
      48.0000
      49.0000
      50.0000
      51.0000
      52.0000
      53.0000
      54.0000
      55.0000
      56.0000
      57.0000
      58.0000
      59.0000
      60.0000
      61.0000
      62.0000
      63.0000
      64.0000
      65.0000
      66.0000
      67.0000
      68.0000
      69.0000
      70.0000
      71.0000
      72.0000
      73.0000
      74.0000
      75.0000
      76.0000
      77.0000
      78.0000
      79.0000
      80.0000
      81.0000
      82.0000
      83.0000
      84.0000
      85.0000
      86.0000
      87.0000
      88.0000
      89.0000
      90.0000
      91.0000
      92.0000
      93.0000
      94.0000
      95.0000
      96.0000
      97.0000
      98.0000
      99.0000
      100.000
      101.010
      101.990
      103.010
      104.010
      104.990
      105.990
      107.030
      108.040
      109.020
      110.010
      110.980
      111.980
      113.000
      114.000
      115.040
      116.040
      116.990
      117.980
      119.010
      120.010
      120.990
      122.000
      123.030
      124.030
      125.000
      125.980
      127.000
      128.010
      129.010
      130.010
      131.020
      132.020
      133.010
      133.990
      134.990
      136.000
      136.990
      138.000
      139.020
      140.040
      141.020
      142.000
      142.980
      143.980
      145.000
      146.000
      147.030
      148.040
      149.010
      149.990
      151.000
      152.000
      152.980
      153.990
      155.030
      156.060
      157.030
      158.000
      158.950
      159.970
      161.020
      162.010
      163.030
      164.040
      165.000
      165.990
      167.010
      168.000
      168.980
      169.980
      171.020
      172.050
      173.030
      174.020
      174.980
      175.980
      177.000
      177.990
      179.030
      180.050
      181.000
      181.980
      183.000
      184.010
      185.000
      186.000
      187.030
      188.050
      189.030
      190.000
      190.950
      191.970
      193.030
      194.020
      195.030
      196.040
      197.010
      197.980
      199.000
      200.000
      200.990
      201.990
      203.020
      204.050
      205.030
      206.010
      206.990
      207.980
      209.000
      210.000
      211.030
      212.050
      213.010
      213.980
      215.000
      216.000
      216.980
      217.990
      219.040
      220.060
      221.030
      222.010
      222.950
      223.950
      225.010
      226.010
      227.050
      228.060
      229.000
      229.980
      231.000
      232.000
      232.980
      233.990
      235.030
      236.050
      237.030
      238.010
      238.980
      239.980
      241.010
      242.000
      243.040
      244.050
      245.010
      245.990
      247.000
      248.000
      248.990
      250.010
      251.030
      252.050
      253.030
      254.010
      254.940
      255.960
      257.040
      258.030
      259.020
      260.030
      261.020
      261.990
      262.990
      264.000
      265.000
      266.000
      267.000
      268.020
      269.030
      270.010
      270.990
      271.990
      273.010
      274.010
      275.020
      276.020
      277.000
      277.980
      279.000
      280.010
      281.010
      282.010
      283.020
      284.030
      285.020
      286.000
      286.960
      287.980
      289.020
      290.020
      291.040
      292.040
      292.990
      293.980
      295.010
      296.010
      296.990
      297.990
      299.030
      300.050
      301.020
      302.010
      302.990
      303.980
      305.000
      306.000
      307.040
      308.050
      309.000
      309.980
      311.000
      312.000
      313.000
      314.010
      315.030
      316.050
      317.020
      317.990
      318.960
      319.990
      321.040
      322.020
      323.020
      324.030
      325.010
      325.990
      327.000
      328.010
      329.000
      330.000
      331.010
      332.030
      333.030
      334.010
      335.000
      336.000
      337.000
      338.000
      339.020
      340.020
      341.010
      342.000
      343.010
      344.010
      345.000
      345.990
      347.020
      348.040
      349.020
      350.020
      350.980
      351.980
      353.010
      354.010
      355.040
      356.050
      357.000
      357.980
      359.010
      360.010
      360.990
      361.990
      363.030
      364.060
      365.020
      366.010
      366.990
      367.980
      369.000
      370.000
      371.040
      372.050
      373.000
      373.990
      375.010
      376.010
      377.000
      378.010
      379.040
      380.050
      381.000
      381.970
      382.990
      384.020
      385.010
      386.010
      387.030
      388.040
      389.000
      389.980
      391.000
      392.010
      393.010
      394.000
      395.020
      396.040
      397.020
      397.990
      398.980
      400.000
      401.010
      402.010
      403.040
      404.040
      405.000
      405.980
      406.990
      408.010
      409.000
      410.000
      411.040
      412.050
      413.030
      414.010
      414.970
      415.960
      417.010
      418.010
      419.050
      420.060
      421.010
      421.980
      422.990
      424.000
      424.980
      426.000
      427.050
      428.060
      429.020
      430.010
      430.980
      431.970
      433.000
      434.010
      435.050
      436.060
      437.000
      437.980
      438.990
      440.000
      441.000
      442.010
      443.040
      444.050
      445.020
      446.000
      446.950
      447.980
      449.040
      450.030
      451.040
      452.040
      453.000
      453.980
      454.990
      456.010
      457.000
      458.000
      459.020
      460.040
      461.020
      462.010
      462.990
      463.980
      465.000
      466.000
      467.040
      468.060
      469.020
      469.990
      471.000
      472.000
      472.980
      473.990
      475.040
      476.070
      477.030
      478.020
      478.970
      479.970
      481.010
      482.000
      483.050
      484.060
      485.000
      485.980
      487.020
      488.020
      488.980
      489.980
      491.040
      492.060
      493.030
      494.010
      494.990
      495.980
      497.010
      498.000
      499.040
      500.050
      501.000
      501.990
      503.010
      504.020
      505.010
      506.010
      507.020
      508.020
      508.970
      509.930
      511.070
      512.100
      512.990
      513.980
      515.010
      516.030
      517.010
      517.990
      519.000
      520.010
      521.000
      522.020
      523.030
      524.030
      525.020
      526.010
      526.980
      527.990
      529.010
      530.010
      531.030
      532.040
      533.010
      533.990
      534.990
      536.000
      537.010
      538.010
      539.030
      540.050
      541.030
      542.010
      542.960
      543.970
      545.020
      546.020
      547.050
      548.060
      549.010
      549.980
      551.000
      552.000
      552.990
      554.000
      555.040
      556.060
      557.030
      558.020
      558.980
      559.970
      561.010
      562.010
      563.040
      564.050
      565.010
      565.990
      567.000
      568.010
      569.010
      570.010
      571.040
      572.050
      573.020
      574.000
      574.960
      575.980
      577.040
      578.020
      579.040
      580.050
      581.010
      581.980
      582.990
      584.010
      585.000
      586.010
      587.030
      588.050
      589.030
      590.010
      590.980
      591.980
      593.010
      594.010
      595.030
      596.050
      597.010
      597.990
      599.000
      600.010
      601.000
      602.000
      603.030
      604.050
      605.020
      606.010
      606.970
      607.980
      609.020
      610.020
      611.050
      612.050
      613.000
      613.980
      615.010
      616.020
      617.000
      617.990
      619.030
      620.050
      621.030
      622.020
      622.990
      623.970
      625.000
      626.000
      627.050
      628.060
      629.010
      629.990
      631.000
      632.010
      633.000
      634.010
      635.040
      636.050
      637.000
      637.970
      639.000
      640.030
      641.020
      642.010
      643.030
      644.040
      645.000
      645.980
      647.000
      648.010
      649.000
      650.000
      651.040
      652.050
      653.030
      654.010
      654.980
      655.980
      657.010
      658.010
      659.040
      660.050
      661.010
      661.990
      663.000
      664.000
      664.990
      665.990
      667.040
      668.060
      669.030
      670.010
      670.960
      671.970
      673.020
      674.020
      675.050
      676.050
      677.000
      677.980
      679.000
      680.010
      680.990
      682.000
      683.040
      684.070
      685.030
      686.010
      686.970
      687.970
      689.020
      690.010
      691.050
      692.050
      693.010
      693.990
      695.000
      696.010
      697.000
      698.010
      699.040
      700.060
      701.030
      701.990
      702.950
      703.980
      705.040
      706.030
      707.050
      708.050
      709.000
      709.980
      711.000
      712.010
      713.000
      714.000
      715.030
      716.050
      717.020
      718.010
      718.990
      719.990
      721.010
      722.000
      723.040
      724.050
      725.000
      725.990
      727.010
      728.020
      728.990
      729.990
      731.040
      732.060
      733.030
      734.010
      734.960
      735.970
      737.020
      738.020
      739.060
      740.060
      741.000
      741.980
      743.000
      744.010
      744.980
      745.990
      747.040
      748.070
      749.030
      750.020
      750.980
      751.960
      753.000
      754.020
      755.050
      756.050
      757.010
      757.990
      759.000
      760.000
      761.000
      762.000
      763.040
      764.070
      765.040
      766.020
      766.920
      767.950
      769.060
      770.030
      771.040
      772.050
      773.010
      773.990
      774.990
      776.000
      777.000
      778.010
      779.030
      780.050
      781.030
      782.010
      782.980
      783.990
      785.010
      786.020
      787.040
      788.050
      789.020
      789.990
      790.990
      792.010
      793.010
      794.010
      795.030
      796.050
      797.020
      798.010
      798.970
      799.990
      801.030
      802.020
      803.040
      804.040
      805.010
      805.990
      807.010
      808.020
      809.000
      810.000
      811.030
      812.050
      813.030
      814.020
      814.990
      815.980
      817.020
      818.010
      819.040
      820.050
      821.010
      821.990
      823.000
      824.010
      825.010
      826.010
      827.030
      828.060
      829.030
      830.000
      830.950
      831.980
      833.030
      834.020
      835.050
      836.050
      837.010
      837.990
      838.990
      840.000
      841.000
      842.010
      843.030
      844.040
      845.030
      846.010
      846.980
      847.990
      849.020
      850.020
      851.040
      852.040
      853.000
      853.990
      855.000
      856.010
      857.010
      858.010
      859.030
      860.050
      861.030
      862.000
      862.970
      863.980
      865.020
      866.020
      867.050
      868.050
      869.010
      869.990
      871.000
      872.000
      872.990
      874.000
      875.040
      876.060
      877.030
      878.020
      878.980
      879.980
      881.020
      882.010
      883.040
      884.050
      885.010
      886.000
      887.000
      888.010
      889.010
      890.020
      891.040
      892.040
      893.010
      893.970
      894.990
      896.040
      897.030
      898.010
      899.030
      900.040
      901.010
      901.990
      903.000
      904.000
      905.010
      906.010
      907.040
      908.060
      909.030
      910.010
      910.980
      911.980
      913.010
      914.020
      915.050
      916.050
      917.010
      917.990
      919.000
      920.010
      921.010
      922.010
      923.040
      924.060
      925.030
      926.000
      926.970
      927.990
      929.030
      930.020
      931.050
      932.060
      933.020
      933.990
      934.990
      936.000
      936.990
      938.000
      939.040
      940.060
      941.030
      942.020
      942.980
      943.980
      945.020
      946.010
      947.040
      948.050
      949.000
      949.990
      951.000
      952.020
      953.020
      954.010
      955.040
      956.050
      957.020
      957.990
      958.950
      959.990
      961.060
      962.030
      963.050
      964.040
      965.000
      965.980
      966.990
      968.010
      969.010
      970.010
      971.040
      972.050
      973.020
      974.010
      974.980
      975.990
      977.020
      978.020
      979.040
      980.040
      981.010
      982.000
      983.000
      984.000
      985.000
      986.010
      987.050
      988.060
      989.030
      990.000
      990.960
      991.980
      993.030
      994.020
      995.050
      996.050
      997.010
      997.980
      999.010
      1000.01
      1000.99
      1002.00
      1003.04
      1004.06
      1005.04
      1006.02
      1006.97
      1007.97
      1009.02
      1010.02
      1011.05
      1012.06
      1013.01
      1013.99
      1014.99
      1016.00
      1017.00
      1018.01
      1019.05
      1020.08
      1021.05
      1022.05
      1022.88
      1023.91
      1025.08
      1026.05
      1027.06
      1028.06
      1029.02
      1029.98
      1030.98
      1032.00
      1033.00
      1034.00
      1035.04
      1036.06
      1037.04
      1038.01
      1038.99
      1039.99
      1041.01
      1042.01
      1043.03
      1044.05
      1045.02
      1046.00
      1047.00
      1048.00
      1049.01
      1050.01
      1051.03
      1052.05
      1053.03
      1054.01
      1054.98
      1055.99
      1057.03
      1058.02
      1059.04
      1060.04
      1061.01
      1061.99
      1063.01
      1064.01
      1065.01
      1066.00
      1067.03
      1068.05
      1069.03
      1070.01
      1070.99
      1071.99
      1073.02
      1074.01
      1075.04
      1076.05
      1077.01
      1077.99
      1078.99
      1080.00
      1081.01
      1082.02
      1083.05
      1084.06
      1085.03
      1086.00
      1086.94
      1087.97
      1089.05
      1090.04
      1091.05
      1092.06
      1093.01
      1093.98
      1094.99
      1096.00
      1097.00
      1098.01
      1099.04
      1100.06
      1101.03
      1102.01
      1102.99
      1103.99
      1105.01
      1106.01
      1107.04
      1108.05
      1109.01
      1109.99
      1111.00
      1112.01
      1113.01
      1114.01
      1115.04
      1116.06
      1117.03
      1118.00
      1118.97
      1119.99
      1121.03
      1122.02
      1123.06
      1124.06
      1125.00
      1125.99
      1127.00
      1128.01
      1129.00
      1130.00
      1131.04
      1132.06
      1133.03
      1134.02
      1134.98
      1135.98
      1137.02
      1138.01
      1139.04
      1140.05
      1141.01
      1142.00
      1143.01
      1144.01
      1145.02
      1146.01
      1147.04
      1148.04
      1149.00
      1149.96
      1151.02
      1152.06
      1153.02
      1154.00
      1155.03
      1156.04
      1157.00
      1157.99
      1159.00
      1160.01
      1161.01
      1162.02
      1163.04
      1164.05
      1165.02
      1166.00
      1166.98
      1167.99
      1169.01
      1170.01
      1171.05
      1172.06
      1173.02
      1173.99
      1175.00
      1176.01
      1177.01
      1178.01
      1179.04
      1180.06
      1181.04
      1182.01
      1182.98
      1183.98
      1185.02
      1186.01
      1187.05
      1188.06
      1189.01
      1189.99
      1191.00
      1192.01
      1193.00
      1194.00
      1195.04
      1196.06
      1197.04
      1198.02
      1198.98
      1199.98
      1201.02
      1202.02
      1203.05
      1204.06
      1205.01
      1205.99
      1207.00
      1208.00
      1209.01
      1210.01
      1211.05
      1212.07
      1213.04
      1214.00
      1214.93
      1215.97
      1217.06
      1218.04
      1219.05
      1220.05
      1221.00
      1221.99
      1223.00
      1224.01
      1225.01
      1226.00
      1227.03
      1228.05
      1229.03
      1230.02
      1230.99
      1231.99
      1233.02
      1234.01
      1235.04
      1236.05
      1237.01
      1238.00
      1239.00
      1240.01
      1241.01
      1242.01
      1243.04
      1244.05
      1245.03
      1246.01
      1246.98
      1247.99
      1249.02
      1250.02
      1251.05
      1252.05
      1253.01
      1254.00
      1255.01
      1256.01
      1257.00
      1258.00
      1259.04
      1260.06
      1261.03
      1262.02
      1262.98
      1263.98
      1265.02
      1266.02
      1267.05
      1268.06
      1269.01
      1269.99
      1271.00
      1272.01
      1273.00
      1274.01
      1275.06
      1276.08
      1277.05
      1278.04
      1278.88
      1279.91
      1281.09
      1282.06
      1283.07
      1284.06
      1285.00
      1285.98
      1286.99
      1288.00
      1289.00
      1290.01
      1291.04
      1292.06
      1293.03
      1294.01
      1294.98
      1295.99
      1297.02
      1298.01
      1299.04
      1300.05
      1301.01
      1301.99
      1303.00
      1304.02
      1305.01
      1306.01
      1307.04
      1308.06
      1309.03
      1310.00
      1310.98
      1311.99
      1313.03
      1314.02
      1315.05
      1316.06
      1317.01
      1317.99
      1319.00
      1320.01
      1321.00
      1322.00
      1323.04
      1324.07
      1325.03
      1326.01
      1326.98
      1327.98
      1329.01
      1330.01
      1331.05
      1332.06
      1333.02
      1333.99
      1334.99
      1336.00
      1337.01
      1338.02
      1339.05
      1340.07
      1341.03
      1342.00
      1342.94
      1343.98
      1345.06
      1346.03
      1347.06
      1348.06
      1349.00
      1349.98
      1351.00
      1352.01
      1353.01
      1354.01
      1355.04
      1356.06
      1357.03
      1358.02
      1358.99
      1359.99
      1361.01
      1362.01
      1363.05
      1364.06
      1365.00
      1365.99
      1367.00
      1368.01
      1369.01
      1370.01
      1371.05
      1372.06
      1373.02
      1374.00
      1374.97
      1376.00
      1377.03
      1378.02
      1379.05
      1380.05
      1381.00
      1381.99
      1383.00
      1384.02
      1385.01
      1386.00
      1387.04
      1388.06
      1389.03
      1390.02
      1390.99
      1391.99
      1393.02
      1394.01
      1395.04
      1396.05
      1397.01
      1398.00
      1399.01
      1400.02
      1401.02
      1402.02
      1403.04
      1404.04
      1404.99
      1405.95
      1407.00
      1408.05
      1409.03
      1410.02
      1411.04
      1412.05
      1413.00
      1413.98
      1415.00
      1416.01
      1417.01
      1418.01
      1419.04
      1420.06
      1421.03
      1422.00
      1422.98
      1423.99
      1425.02
      1426.01
      1427.05
      1428.06
      1429.02
      1429.99
      1430.99
      1432.01
      1433.02
      1434.01
      1435.05
      1436.06
      1437.02
      1437.99
      1438.97
      1440.00
      1441.04
      1442.02
      1443.04
      1444.06
      1445.01
      1445.99
      1447.00
      1448.01
      1449.01
      1450.01
      1451.04
      1452.07
      1453.03
      1454.01
      1454.98
      1455.99
      1457.02
      1458.02
      1459.05
      1460.06
      1461.02
      1461.99
      1462.99
      1464.01
      1465.02
      1466.02
      1467.05
      1468.07
      1469.03
      1470.00
      1470.93
      1471.97
      1473.06
      1474.04
      1475.06
      1476.06
      1477.01
      1477.98
      1479.00
      1480.01
      1481.01
      1482.01
      1483.04
      1484.06
      1485.03
      1486.01
      1486.98
      1487.99
      1489.02
      1490.01
      1491.05
      1492.05
      1493.01
      1494.00
      1495.00
      1496.01
      1497.01
      1498.01
      1499.05
      1500.06
      1501.02
      1502.00
      1502.97
      1504.00
      1505.04
      1506.02
      1507.05
      1508.06
      1509.01
      1509.99
      1511.00
      1512.01
      1513.01
      1514.01
      1515.04
      1516.06
      1517.04
      1518.02
      1518.98
      1519.98
      1521.02
      1522.02
      1523.05
      1524.05
      1525.01
      1526.00
      1527.01
      1528.03
      1529.03
      1530.03
      1531.05
      1532.03
      1532.95
      1533.89
      1535.08
      1536.16
      1537.01
      1537.99
      1539.01
      1540.03
      1541.00
      1541.98
      1543.00
      1544.02
      1545.02
      1546.02
      1547.04
      1548.06
      1549.02
      1550.00
      1550.98
      1551.99
      1553.02
      1554.02
      1555.05
      1556.06
      1557.02
      1557.99
      1558.99
      1560.00
      1561.01
      1562.01
      1563.05
      1564.07
      1565.04
      1566.01
      1566.97
      1567.98
      1569.02
      1570.02
      1571.06
      1572.06
      1573.01
      1574.00
      1575.01
      1576.01
      1577.00
      1578.00
      1579.05
      1580.07
      1581.03
      1582.02
      1582.98
      1583.99
      1585.02
      1586.01
      1587.05
      1588.06
      1589.01
      1589.99
      1591.00
      1592.01
      1593.01
      1594.01
      1595.05
      1596.07
      1597.04
      1598.00
      1598.94
      1599.97
      1601.05
      1602.03
      1603.06
      1604.06
      1605.01
      1605.98
      1607.00
      1608.01
      1609.00
      1610.00
      1611.04
      1612.06
      1613.03
      1614.02
      1614.99
      1615.99
      1617.01
      1618.01
      1619.05
      1620.06
      1621.01
      1622.00
      1623.00
      1624.00
      1625.01
      1626.02
      1627.06
      1628.06
      1629.02
      1630.00
      1630.97
      1631.99
      1633.03
      1634.02
      1635.06
      1636.06
      1637.01
      1637.99
      1639.00
      1640.01
      1641.00
      1642.01
      1643.05
      1644.06
      1645.03
      1646.02
      1646.99
      1647.98
      1649.02
      1650.02
      1651.05
      1652.06
      1653.01
      1653.99
      1655.01
      1656.02
      1657.02
      1658.02
      1659.05
      1660.05
      1661.00
      1661.96
      1663.00
      1664.06
      1665.03
      1666.01
      1667.04
      1668.04
      1669.01
      1669.99
      1671.00
      1672.01
      1673.01
      1674.01
      1675.05
      1676.06
      1677.03
      1678.01
      1678.98
      1679.99
      1681.02
      1682.02
      1683.05
      1684.06
      1685.01
      1685.99
      1686.99
      1688.01
      1689.01
      1690.02
      1691.05
      1692.06
      1693.02
      1694.00
      1694.97
      1695.99
      1697.03
      1698.02
      1699.05
      1700.06
      1701.01
      1702.00
      1703.00
      1704.00
      1705.00
      1706.01
      1707.05
      1708.07
      1709.03
      1710.02
      1710.98
      1711.99
      1713.03
      1714.02
      1715.05
      1716.05
      1717.01
      1718.00
      1719.01
      1720.01
      1721.01
      1722.02
      1723.06
      1724.07
      1725.03
      1726.00
      1726.94
      1727.99
      1729.06
      1730.04
      1731.06
      1732.05
      1733.01
      1733.99
      1735.00
      1736.01
      1737.00
      1738.01
      1739.05
      1740.06
      1741.03
      1742.02
      1742.99
      1743.99
      1745.02
      1746.01
      1747.05
      1748.05
      1749.01
      1750.00
      1751.01
      1752.01
      1753.00
      1754.01
      1755.05
      1756.06
      1757.03
      1758.01
      1758.97
      1759.99
      1761.03
      1762.02
      1763.05
      1764.06
      1765.01
      1765.99
      1767.00
      1768.01
      1769.00
      1770.00
      1771.04
      1772.06
      1773.03
      1774.02
      1774.99
      1775.99
      1777.03
      1778.02
      1779.05
      1780.06
      1781.01
      1781.99
      1783.00
      1784.01
      1785.01
      1786.02
      1787.07
      1788.09
      1789.05
      1790.03
      1790.87
      1791.92
      1793.09
      1794.06
      1795.08
      1796.06
      1797.00
      1797.97
      1798.99
      1800.00
      1801.00
      1802.01
      1803.06
      1804.08
      1805.03
      1806.01
      1806.98
      1807.99
      1809.01
      1810.01
      1811.06
      1812.07
      1813.01
      1813.99
      1815.01
      1816.02
      1817.00
      1818.00
      1819.06
      1820.07
      1821.02
      1822.00
      1822.98
      1824.00
      1825.02
      1826.02
      1827.07
      1828.07
      1829.01
      1829.98
      1831.00
      1832.01
      1833.00
      1834.01
      1835.06
      1836.07
      1837.03
      1838.01
      1838.98
      1839.99
      1841.02
      1842.01
      1843.06
      1844.07
      1845.01
      1845.99
      1847.01
      1848.02
      1849.00
      1850.00
      1851.06
      1852.08
      1853.03
      1854.00
      1854.94
      1855.98
      1857.06
      1858.03
      1859.06
      1860.06
      1861.00
      1861.98
      1863.00
      1864.02
      1865.00
      1866.01
      1867.06
      1868.07
      1869.02
      1870.01
      1870.99
      1871.99
      1873.01
      1874.01
      1875.06
      1876.07
      1877.01
      1877.98
      1879.00
      1880.01
      1881.00
      1882.00
      1883.06
      1884.08
      1885.02
      1885.99
      1886.97
      1887.99
      1889.03
      1890.02
      1891.07
      1892.07
      1893.00
      1893.98
      1895.01
      1896.02
      1897.00
      1898.00
      1899.06
      1900.08
      1901.03
      1902.01
      1902.99
      1903.99
      1905.02
      1906.01
      1907.06
      1908.07
      1909.01
      1909.99
      1911.01
      1912.02
      1913.01
      1914.02
      1915.06
      1916.06
      1916.99
      1917.96
      1919.00
      1920.05
      1921.04
      1922.01
      1923.05
      1924.06
      1925.00
      1925.98
      1927.01
      1928.02
      1929.00
      1930.00
      1931.05
      1932.08
      1933.03
      1934.01
      1934.99
      1935.99
      1937.01
      1938.01
      1939.06
      1940.07
      1941.02
      1942.00
      1943.00
      1944.01
      1945.01
      1946.01
      1947.06
      1948.07
      1949.02
      1950.00
      1950.97
      1952.00
      1953.03
      1954.02
      1955.06
      1956.07
      1957.01
      1957.99
      1959.01
      1960.02
      1961.00
      1962.00
      1963.05
      1964.07
      1965.03
      1966.02
      1966.99
      1967.99
      1969.01
      1970.01
      1971.06
      1972.06
      1973.01
      1974.00
      1975.01
      1976.01
      1977.00
      1978.01
      1979.06
      1980.08
      1981.02
      1982.00
      1982.94
      1983.98
      1985.07
      1986.04
      1987.07
      1988.06
      1989.00
      1989.98
      1991.00
      1992.02
      1993.01
      1994.01
      1995.06
      1996.07
      1997.03
      1998.01
      1998.99
      1999.99
      2001.01
      2002.01
      2003.06
      2004.07
      2005.00
      2005.99
      2007.01
      2008.02
      2009.01
      2010.01
      2011.06
      2012.07
      2013.02
      2014.00
      2014.97
      2015.99
      2017.04
      2018.03
      2019.07
      2020.07
      2021.00
      2021.98
      2023.01
      2024.02
      2025.00
      2026.00
      2027.05
      2028.07
      2029.03
      2030.02
      2030.99
      2032.00
      2033.03
      2034.03
      2035.07
      2036.06
      2036.99
      2037.96
      2038.97
      2039.98
      2041.00
      2042.05
      2043.15
      2044.23
      2045.24
      2046.07
      2046.44
      2047.66
      2049.30
      2050.21
      2051.14
      2052.07
      2052.98
      2053.93
      2054.92
      2055.95
      2056.98
      2058.01
      2059.05
      2060.06
      2061.04
      2062.02
      2062.98
      2063.98
      2065.01
      2066.01
      2067.03
      2068.04
      2069.01
      2069.99
      2070.99
      2072.00
      2073.02
      2074.01
      2075.03
      2076.05
      2077.02
      2078.00
      2078.97
      2079.98
      2081.02
      2082.01
      2083.04
      2084.05
      2085.01
      2086.00
      2086.99
      2088.00
      2089.00
      2090.00
      2091.03
      2092.05
      2093.02
      2094.01
      2094.98
      2095.99
      2097.01
      2098.01
      2099.04
      2100.04
      2101.01
      2101.99
      2102.99
      2104.00
      2105.01
      2106.02
      2107.04
      2108.05
      2109.02
      2110.01
      2110.94
      2111.97
      2113.05
      2114.03
      2115.04
      2116.04
      2117.00
      2117.98
      2118.99
      2120.00
      2121.01
      2122.01
      2123.04
      2124.04
      2125.02
      2126.00
      2126.98
      2127.99
      2129.01
      2130.01
      2131.04
      2132.04
      2133.00
      2134.00
      2135.00
      2136.00
      2137.01
      2138.01
      2139.04
      2140.05
      2141.02
      2142.01
      2142.97
      2143.98
      2145.03
      2146.01
      2147.04
      2148.05
      2149.01
      2150.00
      2151.00
      2152.00
      2152.99
      2154.00
      2155.03
      2156.05
      2157.03
      2158.02
      2158.99
      2159.98
      2161.01
      2162.00
      2163.03
      2164.04
      2165.01
      2166.00
      2167.00
      2168.01
      2169.01
      2170.02
      2171.04
      2172.04
      2173.00
      2173.97
      2174.98
      2176.02
      2177.03
      2178.02
      2179.04
      2180.05
      2181.00
      2181.98
      2182.98
      2183.99
      2185.00
      2186.01
      2187.04
      2188.05
      2189.02
      2190.01
      2190.99
      2191.99
      2193.01
      2194.01
      2195.03
      2196.04
      2197.01
      2198.00
      2199.00
      2200.00
      2201.00
      2202.00
      2203.04
      2204.06
      2205.02
      2206.00
      2206.97
      2207.99
      2209.02
      2210.01
      2211.04
      2212.05
      2213.01
      2213.99
      2214.99
      2216.00
      2217.00
      2218.00
      2219.04
      2220.05
      2221.02
      2222.01
      2222.98
      2223.99
      2225.02
      2226.02
      2227.05
      2228.05
      2229.00
      2229.99
      2230.99
      2232.00
      2233.01
      2234.01
      2235.05
      2236.07
      2237.03
      2238.00
      2238.92
      2239.96
      2241.06
      2242.03
      2243.05
      2244.05
      2245.00
      2245.99
      2246.99
      2247.99
      2249.00
      2250.01
      2251.04
      2252.05
      2253.02
      2254.01
      2255.00
      2255.99
      2257.01
      2258.00
      2259.03
      2260.04
      2261.01
      2262.00
      2263.01
      2264.01
      2265.00
      2266.00
      2267.03
      2268.05
      2269.02
      2270.00
      2270.97
      2271.98
      2273.03
      2274.02
      2275.05
      2276.05
      2277.00
      2277.99
      2279.00
      2280.00
      2280.99
      2282.00
      2283.04
      2284.06
      2285.03
      2286.01
      2286.98
      2287.98
      2289.01
      2290.01
      2291.04
      2292.05
      2293.01
      2294.00
      2294.99
      2295.99
      2297.00
      2298.01
      2299.06
      2300.07
      2301.04
      2302.03
      2302.89
      2303.92
      2305.07
      2306.05
      2307.06
      2308.05
      2309.01
      2309.98
      2310.98
      2311.99
      2313.00
      2314.01
      2315.04
      2316.06
      2317.03
      2318.01
      2318.98
      2319.98
      2321.01
      2322.01
      2323.04
      2324.05
      2325.02
      2326.00
      2326.98
      2327.99
      2329.01
      2330.01
      2331.04
      2332.05
      2333.02
      2334.00
      2334.97
      2335.98
      2337.02
      2338.02
      2339.05
      2340.05
      2341.01
      2341.99
      2342.99
      2343.99
      2345.00
      2346.01
      2347.05
      2348.06
      2349.02
      2350.00
      2350.98
      2351.98
      2353.01
      2354.01
      2355.05
      2356.06
      2357.02
      2358.00
      2358.98
      2359.99
      2361.00
      2362.01
      2363.05
      2364.07
      2365.03
      2366.01
      2366.93
      2367.95
      2369.04
      2370.03
      2371.05
      2372.06
      2373.01
      2373.99
      2374.99
      2376.00
      2377.00
      2378.00
      2379.03
      2380.05
      2381.02
      2382.01
      2383.00
      2383.99
      2385.01
      2386.00
      2387.04
      2388.05
      2389.00
      2389.99
      2391.00
      2392.01
      2393.01
      2394.00
      2395.04
      2396.05
      2397.02
      2398.00
      2398.97
      2399.99
      2401.02
      2402.01
      2403.05
      2404.05
      2405.01
      2406.00
      2407.00
      2407.99
      2408.99
      2410.00
      2411.05
      2412.06
      2413.02
      2414.02
      2414.99
      2415.98
      2417.00
      2418.00
      2419.05
      2420.05
      2421.01
      2422.00
      2423.01
      2424.00
      2425.00
      2426.01
      2427.05
      2428.06
      2429.00
      2429.96
      2430.98
      2432.02
      2433.04
      2434.02
      2435.04
      2436.05
      2437.00
      2437.98
      2438.99
      2440.00
      2441.00
      2442.01
      2443.05
      2444.06
      2445.01
      2446.00
      2446.99
      2447.99
      2449.00
      2450.00
      2451.05
      2452.06
      2453.00
      2453.99
      2455.00
      2456.00
      2457.00
      2458.00
      2459.05
      2460.06
      2461.02
      2462.00
      2462.97
      2463.98
      2465.01
      2466.01
      2467.06
      2468.07
      2469.00
      2469.99
      2471.00
      2472.00
      2472.99
      2474.00
      2475.05
      2476.07
      2477.02
      2478.01
      2478.99
      2479.98
      2481.01
      2482.01
      2483.06
      2484.06
      2485.00
      2485.98
      2486.99
      2488.00
      2489.01
      2490.01
      2491.06
      2492.08
      2493.02
      2493.99
      2494.92
      2495.96
      2497.06
      2498.04
      2499.07
      2500.06
      2501.00
      2501.98
      2502.99
      2503.99
      2504.99
      2506.00
      2507.06
      2508.07
      2509.02
      2510.00
      2510.99
      2511.99
      2513.00
      2514.00
      2515.05
      2516.07
      2517.00
      2517.99
      2519.00
      2520.01
      2521.00
      2522.00
      2523.05
      2524.06
      2525.02
      2526.01
      2526.98
      2527.98
      2529.01
      2530.00
      2531.06
      2532.07
      2533.01
      2533.99
      2535.00
      2536.00
      2537.00
      2537.99
      2539.05
      2540.07
      2541.02
      2542.01
      2542.99
      2543.99
      2545.00
      2545.99
      2547.04
      2548.06
      2549.01
      2550.00
      2551.01
      2552.02
      2553.02
      2554.02
      2555.06
      2556.04
      2556.95
      2557.90
      2559.06
      2560.13
      2561.01
      2561.99
      2563.01
      2564.02
      2564.99
      2565.99
      2567.00
      2568.01
      2569.01
      2570.01
      2571.04
      2572.06
      2573.02
      2574.00
      2574.98
      2575.99
      2577.00
      2578.00
      2579.05
      2580.05
      2581.01
      2582.00
      2583.00
      2584.00
      2585.00
      2586.00
      2587.05
      2588.06
      2589.02
      2590.00
      2590.96
      2591.98
      2593.03
      2594.02
      2595.05
      2596.05
      2597.01
      2597.99
      2598.99
      2600.00
      2601.00
      2602.00
      2603.04
      2604.06
      2605.03
      2606.01
      2606.98
      2607.98
      2609.00
      2610.01
      2611.05
      2612.05
      2613.01
      2613.99
      2614.99
      2616.00
      2617.01
      2618.01
      2619.05
      2620.06
      2621.02
      2621.99
      2622.94
      2623.98
      2625.05
      2626.03
      2627.05
      2628.05
      2629.00
      2629.99
      2630.98
      2632.00
      2633.01
      2634.01
      2635.04
      2636.05
      2637.02
      2638.01
      2639.00
      2640.00
      2641.01
      2642.00
      2643.04
      2644.05
      2645.02
      2646.01
      2647.00
      2648.00
      2649.00
      2650.01
      2651.05
      2652.05
      2653.02
      2654.01
      2654.97
      2655.98
      2657.02
      2658.02
      2659.05
      2660.05
      2661.01
      2662.00
      2662.99
      2664.00
      2665.00
      2666.00
      2667.04
      2668.05
      2669.03
      2670.02
      2670.99
      2671.99
      2673.01
      2674.01
      2675.04
      2676.04
      2677.01
      2678.00
      2679.00
      2680.01
      2681.02
      2682.01
      2683.04
      2684.05
      2685.00
      2685.97
      2686.98
      2688.02
      2689.03
      2690.02
      2691.04
      2692.04
      2693.00
      2693.99
      2694.99
      2696.00
      2697.01
      2698.01
      2699.04
      2700.05
      2701.02
      2702.00
      2702.98
      2703.99
      2705.01
      2706.01
      2707.05
      2708.05
      2709.01
      2709.99
      2710.98
      2712.00
      2713.02
      2714.01
      2715.04
      2716.05
      2717.02
      2718.01
      2718.97
      2719.99
      2721.02
      2722.01
      2723.04
      2724.05
      2725.02
      2726.00
      2726.99
      2727.99
      2729.01
      2730.01
      2731.04
      2732.05
      2733.02
      2734.01
      2734.99
      2735.99
      2737.02
      2738.01
      2739.04
      2740.05
      2741.01
      2741.99
      2742.98
      2744.00
      2745.02
      2746.02
      2747.05
      2748.06
      2749.02
      2749.99
      2750.93
      2751.97
      2753.06
      2754.03
      2755.05
      2756.05
      2757.01
      2757.99
      2758.98
      2759.99
      2761.00
      2762.00
      2763.04
      2764.06
      2765.03
      2766.01
      2766.99
      2767.99
      2769.00
      2770.01
      2771.04
      2772.06
      2773.01
      2774.00
      2774.99
      2776.00
      2777.01
      2778.01
      2779.04
      2780.05
      2781.02
      2782.01
      2782.97
      2783.98
      2785.03
      2786.02
      2787.05
      2788.05
      2789.01
      2790.00
      2790.99
      2792.00
      2793.01
      2794.01
      2795.04
      2796.05
      2797.02
      2798.02
      2798.99
      2799.98
      2801.01
      2802.01
      2803.05
      2804.06
      2805.02
      2806.00
      2806.98
      2807.98
      2809.01
      2810.02
      2811.06
      2812.08
      2813.05
      2814.04
      2814.86
      2815.90
      2817.09
      2818.06
      2819.06
      2820.05
      2821.01
      2821.99
      2822.98
      2823.99
      2825.01
      2826.01
      2827.03
      2828.05
      2829.03
      2830.02
      2830.99
      2831.99
      2833.01
      2834.01
      2835.03
      2836.05
      2837.02
      2838.01
      2838.98
      2839.99
      2841.01
      2842.01
      2843.04
      2844.05
      2845.03
      2846.01
      2846.97
      2847.99
      2849.02
      2850.01
      2851.04
      2852.05
      2853.01
      2854.00
      2854.99
      2856.00
      2857.01
      2858.01
      2859.04
      2860.05
      2861.03
      2862.01
      2862.98
      2863.98
      2865.02
      2866.02
      2867.05
      2868.06
      2869.02
      2870.00
      2870.98
      2871.98
      2873.02
      2874.03
      2875.05
      2876.06
      2877.03
      2878.00
      2878.95
      2879.98
      2881.05
      2882.03
      2883.04
      2884.04
      2885.02
      2886.01
      2886.99
      2887.99
      2889.01
      2890.01
      2891.03
      2892.05
      2893.03
      2894.02
      2894.99
      2895.98
      2897.01
      2898.01
      2899.04
      2900.04
      2901.02
      2902.01
      2902.99
      2903.99
      2905.02
      2906.02
      2907.04
      2908.05
      2909.02
      2910.01
      2910.97
      2911.99
      2913.03
      2914.02
      2915.04
      2916.05
      2917.01
      2918.00
      2918.99
      2920.00
      2921.02
      2922.01
      2923.03
      2924.05
      2925.03
      2926.01
      2926.98
      2927.99
      2929.02
      2930.02
      2931.04
      2932.05
      2933.01
      2934.00
      2934.99
      2936.00
      2937.02
      2938.02
      2939.05
      2940.05
      2941.01
      2941.98
      2942.97
      2944.02
      2945.04
      2946.03
      2947.04
      2948.04
      2949.01
      2950.00
      2950.99
      2951.99
      2953.01
      2954.01
      2955.04
      2956.05
      2957.03
      2958.02
      2958.99
      2959.99
      2961.01
      2962.00
      2963.04
      2964.05
      2965.02
      2966.01
      2966.99
      2967.99
      2969.02
      2970.02
      2971.04
      2972.05
      2973.02
      2974.00
      2974.97
      2975.99
      2977.03
      2978.03
      2979.06
      2980.05
      2981.01
      2982.00
      2982.99
      2983.99
      2985.00
      2986.01
      2987.05
      2988.06
      2989.03
      2990.02
      2990.99
      2991.98
      2993.01
      2994.01
      2995.05
      2996.05
      2997.01
      2998.01
      2998.99
      2999.99
      3001.02
      3002.02
      3003.05
      3004.06
      3005.02
      3006.00
      3006.94
      3007.97
      3009.06
      3010.03
      3011.05
      3012.05
      3013.02
      3014.00
      3014.99
      3015.99
      3017.01
      3018.01
      3019.04
      3020.05
      3021.02
      3022.02
      3022.99
      3023.99
      3025.01
      3026.01
      3027.04
      3028.05
      3029.01
      3030.01
      3030.99
      3031.99
      3033.01
      3034.02
      3035.05
      3036.05
      3037.02
      3038.01
      3038.97
      3039.99
      3041.03
      3042.02
      3043.05
      3044.05
      3045.02
      3046.00
      3046.99
      3047.99
      3049.00
      3050.01
      3051.05
      3052.08
      3053.07
      3054.05
      3055.01
      3055.97
      3056.97
      3057.94
      3058.96
      3059.99
      3061.01
      3062.09
      3063.17
      3064.23
      3065.23
      3066.15
      3067.03
      3067.82
      3068.56
      3069.31
      3071.52
      3073.35
      3073.39
      3073.49
      3074.06
      3075.25
      3076.57
      3077.83
      3078.98
      3080.05
      3081.07
      3082.01
      3082.94
      3083.89
      3084.85
      3085.83
      3086.83
      3087.85
      3088.90
      3089.92
      3090.94
      3091.95
      3092.93
      3093.92
      3094.89
      3095.88
      3096.91
      3097.91
      3098.91
      3099.92
      3100.92
      3101.90
      3102.87
      3103.89
      3104.93
      3105.91
      3106.91
      3107.92
      3108.91
      3109.90
      3110.88
      3111.89
      3112.92
      3113.91
      3114.91
      3115.92
      3116.92
      3117.91
      3118.89
      3119.89
      3120.91
      3121.91
      3122.91
      3123.92
      3124.92
      3125.90
      3126.88
      3127.89
      3128.92
      3129.92
      3130.92
      3131.93
      3132.92
      3133.90
      3134.84
      3135.86
      3136.95
      3137.93
      3138.92
      3139.92
      3140.92
      3141.90
      3142.88
      3143.88
      3144.91
      3145.92
      3146.91
      3147.91
      3148.92
      3149.91
      3150.90
      3151.90
      3152.91
      3153.91
      3154.90
      3155.91
      3156.92
      3157.91
      3158.89
      3159.90
      3160.92
      3161.91
      3162.91
      3163.92
      3164.92
      3165.90
      3166.87
      3167.89
      3168.93
      3169.92
      3170.91
      3171.91
      3172.92
      3173.91
      3174.89
      3175.89
      3176.91
      3177.91
      3178.91
      3179.92
      3180.92
      3181.91
      3182.90
      3183.89
      3184.91
      3185.91
      3186.91
      3187.92
      3188.92
      3189.91
      3190.89
      3191.89
      3192.92
      3193.92
      3194.92
      3195.92
      3196.90
      3197.87
      3198.88
      3199.93
      3200.94
      3201.92
      3202.90
      3203.90
      3204.91
      3205.90
      3206.89
      3207.90
      3208.92
      3209.90
      3210.90
      3211.92
      3212.93
      3213.91
      3214.89
      3215.89
      3216.90
      3217.90
      3218.91
      3219.92
      3220.92
      3221.91
      3222.89
      3223.89
      3224.91
      3225.91
      3226.91
      3227.92
      3228.93
      3229.90
      3230.87
      3231.89
      3232.92
      3233.92
      3234.91
      3235.92
      3236.92
      3237.90
      3238.89
      3239.89
      3240.91
      3241.92
      3242.91
      3243.92
      3244.92
      3245.91
      3246.90
      3247.90
      3248.91
      3249.91
      3250.91
      3251.91
      3252.92
      3253.91
      3254.89
      3255.88
      3256.91
      3257.92
      3258.93
      3259.94
      3260.93
      3261.90
      3262.82
      3263.86
      3264.96
      3265.94
      3266.92
      3267.92
      3268.91
      3269.90
      3270.88
      3271.89
      3272.90
      3273.91
      3274.91
      3275.92
      3276.93
      3277.92
      3278.90
      3279.89
      3280.89
      3281.90
      3282.92
      3283.93
      3284.92
      3285.91
      3286.89
      3287.89
      3288.91
      3289.91
      3290.91
      3291.92
      3292.93
      3293.91
      3294.88
      3295.89
      3296.92
      3297.91
      3298.91
      3299.92
      3300.92
      3301.92
      3302.90
      3303.90
      3304.91
      3305.90
      3306.91
      3307.92
      3308.92
      3309.91
      3310.90
      3311.90
      3312.91
      3313.91
      3314.92
      3315.92
      3316.91
      3317.90
      3318.89
      3319.89
      3320.91
      3321.92
      3322.93
      3323.96
      3324.96
      3325.94
      3326.75
      3327.79
      3328.99
      3329.97
      3330.94
      3331.93
      3332.91
      3333.89
      3334.87
      3335.88
      3336.91
      3337.92
      3338.92
      3339.93
      3340.92
      3341.90
      3342.89
      3343.90
      3344.91
      3345.91
      3346.91
      3347.92
      3348.92
      3349.91
      3350.89
      3351.89
      3352.92
      3353.92
      3354.92
      3355.93
      3356.92
      3357.90
      3358.87
      3359.89
      3360.92
      3361.92
      3362.92
      3363.93
      3364.92
      3365.91
      3366.89
      3367.89
      3368.90
      3369.90
      3370.92
      3371.93
      3372.92
      3373.92
      3374.90
      3375.89
      3376.91
      3377.90
      3378.91
      3379.92
      3380.91
      3381.91
      3382.89
      3383.89
      3384.91
      3385.92
      3386.93
      3387.94
      3388.93
      3389.91
      3390.83
      3391.86
      3392.95
      3393.93
      3394.93
      3395.92
      3396.91
      3397.90
      3398.89
      3399.89
      3400.90
      3401.91
      3402.91
      3403.92
      3404.92
      3405.91
      3406.90
      3407.90
      3408.90
      3409.91
      3410.92
      3411.92
      3412.91
      3413.91
      3414.89
      3415.89
      3416.91
      3417.92
      3418.92
      3419.93
      3420.92
      3421.91
      3422.87
      3423.88
      3424.92
      3425.92
      3426.92
      3427.92
      3428.91
      3429.90
      3430.90
      3431.90
      3432.89
      3433.90
      3434.92
      3435.93
      3436.92
      3437.92
      3438.90
      3439.89
      3440.90
      3441.91
      3442.92
      3443.92
      3444.91
      3445.91
      3446.90
      3447.90
      3448.91
      3449.92
      3450.93
      3451.93
      3452.91
      3453.87
      3454.87
      3455.91
      3456.94
      3457.93
      3458.93
      3459.92
      3460.90
      3461.89
      3462.89
      3463.89
      3464.90
      3465.91
      3466.92
      3467.93
      3468.92
      3469.90
      3470.90
      3471.90
      3472.90
      3473.91
      3474.92
      3475.93
      3476.91
      3477.90
      3478.89
      3479.90
      3480.91
      3481.91
      3482.93
      3483.93
      3484.91
      3485.90
      3486.88
      3487.89
      3488.92
      3489.92
      3490.93
      3491.93
      3492.91
      3493.90
      3494.90
      3495.90
      3496.91
      3497.90
      3498.92
      3499.93
      3500.91
      3501.91
      3502.90
      3503.89
      3504.91
      3505.91
      3506.92
      3507.92
      3508.90
      3509.90
      3510.90
      3511.90
      3512.91
      3513.91
      3514.93
      3515.94
      3516.92
      3517.91
      3518.82
      3519.86
      3520.97
      3521.94
      3522.94
      3523.92
      3524.89
      3525.89
      3526.90
      3527.90
      3528.91
      3529.90
      3530.92
      3531.93
      3532.92
      3533.92
      3534.90
      3535.89
      3536.90
      3537.90
      3538.92
      3539.93
      3540.92
      3541.91
      3542.90
      3543.89
      3544.91
      3545.91
      3546.92
      3547.93
      3548.92
      3549.91
      3550.87
      3551.89
      3552.93
      3553.92
      3554.93
      3555.92
      3556.91
      3557.91
      3558.90
      3559.89
      3560.91
      3561.91
      3562.93
      3563.93
      3564.91
      3565.92
      3566.90
      3567.89
      3568.91
      3569.90
      3570.91
      3571.92
      3572.91
      3573.91
      3574.91
      3575.91
      3576.91
      3577.92
      3578.93
      3579.92
      3580.88
      3581.82
      3582.92
      3583.99
      3584.94
      3585.92
      3586.88
      3587.89
      3588.91
      3589.91
      3590.89
      3591.90
      3592.92
      3593.93
      3594.91
      3595.92
      3596.92
      3597.91
      3598.89
      3599.89
      3600.91
      3601.92
      3602.92
      3603.92
      3604.92
      3605.91
      3606.89
      3607.89
      3608.92
      3609.92
      3610.91
      3611.92
      3612.93
      3613.91
      3614.87
      3615.89
      3616.93
      3617.92
      3618.91
      3619.92
      3620.92
      3621.91
      3622.89
      3623.89
      3624.91
      3625.92
      3626.91
      3627.92
      3628.93
      3629.92
      3630.90
      3631.90
      3632.90
      3633.91
      3634.91
      3635.92
      3636.93
      3637.92
      3638.89
      3639.90
      3640.91
      3641.92
      3642.92
      3643.92
      3644.93
      3645.92
      3646.85
      3647.88
      3648.95
      3649.94
      3650.92
      3651.91
      3652.92
      3653.90
      3654.89
      3655.89
      3656.91
      3657.92
      3658.91
      3659.91
      3660.92
      3661.91
      3662.91
      3663.90
      3664.91
      3665.91
      3666.90
      3667.91
      3668.93
      3669.92
      3670.89
      3671.90
      3672.92
      3673.92
      3674.90
      3675.91
      3676.93
      3677.92
      3678.87
      3679.89
      3680.94
      3681.93
      3682.90
      3683.91
      3684.92
      3685.91
      3686.90
      3687.90
      3688.91
      3689.91
      3690.90
      3691.91
      3692.93
      3693.92
      3694.90
      3695.90
      3696.92
      3697.92
      3698.90
      3699.91
      3700.91
      3701.91
      3702.90
      3703.91
      3704.93
      3705.93
      3706.91
      3707.91
      3708.90
      3709.89
      3710.88
      3711.92
      3712.95
      3713.93
      3714.90
      3715.90
      3716.91
      3717.91
      3718.90
      3719.89
      3720.91
      3721.92
      3722.91
      3723.93
      3724.93
      3725.91
      3726.89
      3727.90
      3728.92
      3729.92
      3730.91
      3731.91
      3732.92
      3733.91
      3734.90
      3735.91
      3736.92
      3737.92
      3738.91
      3739.91
      3740.92
      3741.91
      3742.88
      3743.89
      3744.93
      3745.93
      3746.92
      3747.91
      3748.92
      3749.91
      3750.89
      3751.90
      3752.92
      3753.92
      3754.91
      3755.92
      3756.92
      3757.92
      3758.89
      3759.90
      3760.93
      3761.92
      3762.90
      3763.91
      3764.92
      3765.91
      3766.89
      3767.89
      3768.92
      3769.93
      3770.92
      3771.92
      3772.94
      3773.92
      3774.83
      3775.87
      3776.96
      3777.94
      3778.92
      3779.92
      3780.92
      3781.91
      3782.88
      3783.89
      3784.91
      3785.92
      3786.91
      3787.92
      3788.93
      3789.92
      3790.89
      3791.88
      3792.91
      3793.92
      3794.91
      3795.92
      3796.93
      3797.91
      3798.89
      3799.89
      3800.92
      3801.92
      3802.91
      3803.92
      3804.93
      3805.92
      3806.88
      3807.88
      3808.93
      3809.93
      3810.91
      3811.91
      3812.93
      3813.92
      3814.90
      3815.90
      3816.91
      3817.91
      3818.91
      3819.91
      3820.93
      3821.92
      3822.90
      3823.90
      3824.92
      3825.92
      3826.91
      3827.91
      3828.92
      3829.91
      3830.89
      3831.89
      3832.91
      3833.92
      3834.93
      3835.95
      3836.97
      3837.97
      3838.75
      3839.77
      3841.01
      3841.98
      3842.93
      3843.92
      3844.92
      3845.91
      3846.89
      3847.88
      3848.90
      3849.92
      3850.91
      3851.92
      3852.93
      3853.92
      3854.91
      3855.90
      3856.91
      3857.91
      3858.90
      3859.90
      3860.92
      3861.92
      3862.91
      3863.91
      3864.92
      3865.91
      3866.90
      3867.91
      3868.93
      3869.91
      3870.88
      3871.89
      3872.93
      3873.93
      3874.91
      3875.91
      3876.92
      3877.91
      3878.90
      3879.90
      3880.91
      3881.92
      3882.91
      3883.92
      3884.93
      3885.92
      3886.89
      3887.89
      3888.91
      3889.92
      3890.91
      3891.92
      3892.92
      3893.91
      3894.89
      3895.90
      3896.92
      3897.93
      3898.92
      3899.92
      3900.93
      3901.92
      3902.84
      3903.87
      3904.96
      3905.95
      3906.92
      3907.91
      3908.91
      3909.90
      3910.89
      3911.90
      3912.91
      3913.93
      3914.91
      3915.91
      3916.93
      3917.92
      3918.91
      3919.90
      3920.91
      3921.91
      3922.90
      3923.91
      3924.93
      3925.93
      3926.91
      3927.90
      3928.91
      3929.92
      3930.90
      3931.91
      3932.93
      3933.92
      3934.89
      3935.90
      3936.94
      3937.93
      3938.90
      3939.90
      3940.91
      3941.91
      3942.91
      3943.91
      3944.91
      3945.92
      3946.90
      3947.91
      3948.93
      3949.93
      3950.90
      3951.89
      3952.91
      3953.92
      3954.91
      3955.91
      3956.92
      3957.91
      3958.90
      3959.90
      3960.92
      3961.93
      3962.92
      3963.92
      3964.92
      3965.90
      3966.86
      3967.90
      3968.95
      3969.93
      3970.91
      3971.91
      3972.92
      3973.91
      3974.90
      3975.90
      3976.92
      3977.92
      3978.90
      3979.91
      3980.92
      3981.92
      3982.91
      3983.91
      3984.92
      3985.91
      3986.90
      3987.90
      3988.92
      3989.91
      3990.91
      3991.91
      3992.92
      3993.92
      3994.91
      3995.91
      3996.93
      3997.92
      3998.88
      3999.89
      4000.93
      4001.92
      4002.91
      4003.92
      4004.92
      4005.92
      4006.90
      4007.90
      4008.91
      4009.91
      4010.90
      4011.93
      4012.93
      4013.92
      4014.90
      4015.90
      4016.92
      4017.92
      4018.91
      4019.91
      4020.92
      4021.91
      4022.90
      4023.90
      4024.92
      4025.93
      4026.91
      4027.92
      4028.94
      4029.92
      4030.84
      4031.87
      4032.97
      4033.95
      4034.91
      4035.91
      4036.91
      4037.91
      4038.90
      4039.90
      4040.92
      4041.91
      4042.90
      4043.92
      4044.93
      4045.92
      4046.90
      4047.89
      4048.91
      4049.92
      4050.91
      4051.91
      4052.93
      4053.91
      4054.90
      4055.90
      4056.92
      4057.92
      4058.91
      4059.91
      4060.93
      4061.92
      4062.88
      4063.89
      4064.94
      4065.93
      4066.90
      4067.90
      4068.92
      4069.92
      4070.90
      4071.91
      4072.92
      4073.93
      4074.90
      4075.89
      4076.92
      4077.92
      4078.91
      4079.91
      4080.93
      4081.93
      4082.89
      4083.89
      4084.92
      4085.92
      4086.90
      4087.91
      4088.94
      4089.95
      4090.90
      4091.89
      4092.91
      4093.89
      4094.91
