PDS_VERSION_ID         = PDS3
RECORD_TYPE            = STREAM
OBJECT                 = TEXT
  PUBLICATION_DATE     = 2014-04-25
  INTERCHANGE_FORMAT   = ASCII
  NOTE                 = "System transmission vs. wavelength."
END_OBJECT             = TEXT
END
    
The systrans directory contains the non-wavelength-integrated system 
transmission values (QE*optics*filter1*filter2) for each filter combination. 
The naming convention for these files is as follows:

<camera><filter 1><filter 2>_systrans.tab

where <camera> is "issna" or "isswa," and <filter 1> and <filter 2> represent
the filter names. For polarized filter combinations, values are given for the
parallel orientation of the filter (full transmission), with values for the 
perpendicular (blocking) orientation provided in files with subscript 
"_b_systrans.tab". 

Columns in systrans files are as follows:

 1st column: Wavelength (nm)  
 2nd column: Transmitted Flux
 3rd column: Transmitted Flux * Solar Flux (phot per cm^2-s-angstrom at 1 AU)

The solar spectrum used for this calculation is provided in solarflux.tab.

\begindata
       600.00000     0.123761  6.59150e+12
       600.10000     0.123761  6.58160e+12
       600.20000     0.123761  6.57046e+12
       600.30000     0.123761  6.55684e+12
       600.40000     0.123761  6.54075e+12
       600.50000     0.138574  7.30561e+12
       600.60000     0.138574  7.31531e+12
       600.70000     0.138574  7.32363e+12
       600.80000     0.138574  7.33194e+12
       600.90000     0.138574  7.33748e+12
       601.00000     0.138574  7.34164e+12
       601.10000     0.138574  7.34303e+12
       601.20000     0.138574  7.34441e+12
       601.30000     0.138556  7.34345e+12
       601.40000     0.138556  7.34068e+12
       601.50000     0.145819  7.72256e+12
       601.60000     0.145819  7.68902e+12
       601.70000     0.145819  7.66131e+12
       601.80000     0.145819  7.63652e+12
       601.90000     0.145819  7.61757e+12
       602.00000     0.145819  7.60299e+12
       602.10000     0.145819  7.59132e+12
       602.20000     0.145819  7.58549e+12
       602.30000     0.145819  7.58403e+12
       602.40000     0.145819  7.58695e+12
       602.50000     0.149340  7.77613e+12
       602.60000     0.149340  7.78808e+12
       602.70000     0.149340  7.80451e+12
       602.80000     0.149340  7.82541e+12
       602.90000     0.149340  7.85080e+12
       603.00000     0.149340  7.88067e+12
       603.10000     0.149340  7.91502e+12
       603.20000     0.149340  7.95385e+12
       603.30000     0.149340  7.99716e+12
       603.40000     0.149340  8.04494e+12
       603.50000     0.151849  8.23326e+12
       603.60000     0.151849  8.23023e+12
       603.70000     0.151849  8.22719e+12
       603.80000     0.151785  8.22066e+12
       603.90000     0.151785  8.21611e+12
       604.00000     0.151785  8.21307e+12
       604.10000     0.151785  8.20852e+12
       604.20000     0.151785  8.20548e+12
       604.30000     0.151785  8.20093e+12
       604.40000     0.151785  8.19789e+12
       604.50000     0.151274  8.16576e+12
       604.60000     0.151274  8.15971e+12
       604.70000     0.151274  8.15366e+12
       604.80000     0.151274  8.14761e+12
       604.90000     0.151274  8.14156e+12
       605.00000     0.151274  8.13702e+12
       605.10000     0.151274  8.13248e+12
       605.20000     0.151274  8.12946e+12
       605.30000     0.151274  8.12492e+12
       605.40000     0.151274  8.12189e+12
       605.50000     0.141135  7.57469e+12
       605.60000     0.141135  7.57328e+12
       605.70000     0.141135  7.57046e+12
       605.80000     0.141135  7.56904e+12
       605.90000     0.141135  7.56904e+12
       606.00000     0.141135  7.56763e+12
       606.10000     0.141135  7.56763e+12
       606.20000     0.141135  7.56763e+12
       606.30000     0.141138  7.56784e+12
       606.40000     0.141138  7.56925e+12
       606.50000     0.115821  6.21262e+12
       606.60000     0.115821  6.21494e+12
       606.70000     0.115821  6.21610e+12
       606.80000     0.115821  6.21842e+12
       606.90000     0.115821  6.21842e+12
       607.00000     0.115821  6.21957e+12
       607.10000     0.115821  6.21957e+12
       607.20000     0.115821  6.21957e+12
       607.30000     0.115821  6.21842e+12
       607.40000     0.115821  6.21726e+12
       607.50000    0.0787566  4.22687e+12
       607.60000    0.0787566  4.22214e+12
       607.70000    0.0787566  4.21820e+12
       607.80000    0.0787566  4.21505e+12
       607.90000    0.0787566  4.21190e+12
       608.00000    0.0787566  4.20875e+12
       608.10000    0.0787566  4.20639e+12
       608.20000    0.0787566  4.20403e+12
       608.30000    0.0787566  4.20245e+12
       608.40000    0.0787566  4.20088e+12
       608.50000    0.0434679  2.31814e+12
       608.60000    0.0434679  2.31771e+12
       608.70000    0.0434679  2.31728e+12
       608.80000    0.0434586  2.31678e+12
       608.90000    0.0434586  2.31721e+12
       609.00000    0.0434586  2.31765e+12
       609.10000    0.0434586  2.31808e+12
       609.20000    0.0434586  2.31895e+12
       609.30000    0.0434586  2.31982e+12
       609.40000    0.0434586  2.32112e+12
       609.50000    0.0197130  1.05366e+12
       609.60000    0.0197130  1.04893e+12
       609.70000    0.0197130  1.04479e+12
       609.80000    0.0197130  1.04124e+12
       609.90000    0.0197130  1.03828e+12
       610.00000    0.0197130  1.03572e+12
       610.10000    0.0197130  1.03355e+12
       610.20000    0.0197130  1.03197e+12
       610.30000    0.0197130  1.03099e+12
       610.40000    0.0197130  1.03059e+12
       610.50000   0.00822954  4.30158e+11
       610.60000   0.00822954  4.32298e+11
       610.70000   0.00822954  4.34190e+11
       610.80000   0.00822954  4.35919e+11
       610.90000   0.00822954  4.37400e+11
       611.00000   0.00822954  4.38634e+11
       611.10000   0.00822954  4.39704e+11
       611.20000   0.00822954  4.40527e+11
       611.30000   0.00822956  4.41187e+11
       611.40000   0.00822956  4.41598e+11
       611.50000   0.00371993  1.99686e+11
       611.60000   0.00371993  1.99686e+11
       611.70000   0.00371993  1.99574e+11
       611.80000   0.00371993  1.99388e+11
       611.90000   0.00371993  1.99091e+11
       612.00000   0.00371993  1.98719e+11
       612.10000   0.00371993  1.98235e+11
       612.20000   0.00371993  1.97640e+11
       612.30000   0.00371993  1.96970e+11
       612.40000   0.00371993  1.96189e+11
       612.50000   0.00191956  1.00796e+11
       612.60000   0.00191956  1.00546e+11
       612.70000   0.00191956  1.00316e+11
       612.80000   0.00191956  1.00124e+11
       612.90000   0.00191956  9.99706e+10
       613.00000   0.00191956  9.98363e+10
       613.10000   0.00191956  9.97403e+10
       613.20000   0.00191956  9.96635e+10
       613.30000   0.00191956  9.96251e+10
       613.40000   0.00191956  9.96251e+10
       613.50000   0.00111192  5.77199e+10
       613.60000   0.00111192  5.78867e+10
       613.70000   0.00111192  5.80313e+10
       613.80000   0.00111071  5.81012e+10
       613.90000   0.00111071  5.82345e+10
       614.00000   0.00111071  5.83566e+10
       614.10000   0.00111071  5.84566e+10
       614.20000   0.00111071  5.85566e+10
       614.30000   0.00111071  5.86454e+10
       614.40000   0.00111071  5.87232e+10
       614.50000  0.000721586  3.81935e+10
       614.60000  0.000721586  3.82296e+10
       614.70000  0.000721586  3.82585e+10
       614.80000  0.000721586  3.82801e+10
       614.90000  0.000721586  3.82946e+10
       615.00000  0.000721586  3.83018e+10
       615.10000  0.000721586  3.83090e+10
       615.20000  0.000721586  3.83018e+10
       615.30000  0.000721586  3.82946e+10
       615.40000  0.000721586  3.82801e+10
       615.50000  0.000535668  2.83958e+10
       615.60000  0.000535668  2.80797e+10
       615.70000  0.000535668  2.77905e+10
       615.80000  0.000535668  2.75387e+10
       615.90000  0.000535668  2.73244e+10
       616.00000  0.000535668  2.71370e+10
       616.10000  0.000535668  2.69870e+10
       616.20000  0.000535668  2.68691e+10
       616.30000  0.000535744  2.67872e+10
       616.40000  0.000535744  2.67390e+10
       616.50000  0.000436250  2.17558e+10
       616.60000  0.000436250  2.19434e+10
       616.70000  0.000436250  2.21179e+10
       616.80000  0.000436250  2.22793e+10
       616.90000  0.000436250  2.24320e+10
       617.00000  0.000436250  2.25759e+10
       617.10000  0.000436250  2.27068e+10
       617.20000  0.000436250  2.28246e+10
       617.30000  0.000436250  2.29336e+10
       617.40000  0.000436250  2.30340e+10
       617.50000  0.000391752  2.07628e+10
       617.60000  0.000391752  2.08294e+10
       617.70000  0.000391752  2.08882e+10
       617.80000  0.000391752  2.09391e+10
       617.90000  0.000391752  2.09744e+10
       618.00000  0.000391752  2.10057e+10
       618.10000  0.000391752  2.10253e+10
       618.20000  0.000391752  2.10332e+10
       618.30000  0.000391752  2.10332e+10
       618.40000  0.000391752  2.10214e+10
       618.50000  0.000391490  2.09878e+10
       618.60000  0.000391490  2.09487e+10
       618.70000  0.000391490  2.09095e+10
       618.80000  0.000391097  2.08611e+10
       618.90000  0.000391097  2.08337e+10
       619.00000  0.000391097  2.08142e+10
