PDS_VERSION_ID         = PDS3
RECORD_TYPE            = STREAM
OBJECT                 = TEXT
  PUBLICATION_DATE     = 2014-04-25
  INTERCHANGE_FORMAT   = ASCII
  NOTE                 = "System transmission vs. wavelength."
END_OBJECT             = TEXT
END
    
The systrans directory contains the non-wavelength-integrated system 
transmission values (QE*optics*filter1*filter2) for each filter combination. 
The naming convention for these files is as follows:

<camera><filter 1><filter 2>_systrans.tab

where <camera> is "issna" or "isswa," and <filter 1> and <filter 2> represent
the filter names. For polarized filter combinations, values are given for the
parallel orientation of the filter (full transmission), with values for the 
perpendicular (blocking) orientation provided in files with subscript 
"_b_systrans.tab". 

Columns in systrans files are as follows:

 1st column: Wavelength (nm)  
 2nd column: Transmitted Flux
 3rd column: Transmitted Flux * Solar Flux (phot per cm^2-s-angstrom at 1 AU)

The solar spectrum used for this calculation is provided in solarflux.tab.

\begindata
       661.00000  4.73824e-06  2.47383e+08
       661.10000  4.73824e-06  2.47241e+08
       661.20000  4.73824e-06  2.47052e+08
       661.30000  4.72647e-06  2.46296e+08
       661.40000  4.72647e-06  2.46155e+08
       661.50000  4.73045e-06  2.46220e+08
       661.60000  4.73045e-06  2.46125e+08
       661.70000  4.73045e-06  2.45983e+08
       661.80000  4.73045e-06  2.45889e+08
       661.90000  4.73045e-06  2.45794e+08
       662.00000  4.73045e-06  2.45699e+08
       662.10000  4.73045e-06  2.45605e+08
       662.20000  4.73045e-06  2.45510e+08
       662.30000  4.73045e-06  2.45463e+08
       662.40000  4.73045e-06  2.45416e+08
       662.50000  7.90214e-06  4.09805e+08
       662.60000  7.90214e-06  4.09805e+08
       662.70000  7.90214e-06  4.09726e+08
       662.80000  7.90214e-06  4.09647e+08
       662.90000  7.90214e-06  4.09647e+08
       663.00000  7.90214e-06  4.09647e+08
       663.10000  7.90214e-06  4.09963e+08
       663.20000  7.90214e-06  4.10200e+08
       663.30000  7.90214e-06  4.10516e+08
       663.40000  7.90214e-06  4.10753e+08
       663.50000  6.32698e-06  3.29066e+08
       663.60000  6.32698e-06  3.29256e+08
       663.70000  6.32698e-06  3.29383e+08
       663.80000  6.31349e-06  3.28869e+08
       663.90000  6.31349e-06  3.28996e+08
       664.00000  6.31349e-06  3.29059e+08
       664.10000  6.31349e-06  3.29185e+08
       664.20000  6.31349e-06  3.29248e+08
       664.30000  6.31349e-06  3.29311e+08
       664.40000  6.31349e-06  3.29375e+08
       664.50000  6.32769e-06  3.30115e+08
       664.60000  6.32769e-06  3.30115e+08
       664.70000  6.32769e-06  3.30115e+08
       664.80000  6.32769e-06  3.30115e+08
       664.90000  6.32769e-06  3.30115e+08
       665.00000  6.32769e-06  3.30052e+08
       665.10000  6.32769e-06  3.29989e+08
       665.20000  6.32769e-06  3.29926e+08
       665.30000  6.32769e-06  3.29799e+08
       665.40000  6.32769e-06  3.29673e+08
       665.50000  3.16646e-06  1.64909e+08
       665.60000  3.16646e-06  1.64846e+08
       665.70000  3.16646e-06  1.64751e+08
       665.80000  3.16646e-06  1.64688e+08
       665.90000  3.16646e-06  1.64593e+08
       666.00000  3.16646e-06  1.64466e+08
       666.10000  3.16646e-06  1.64371e+08
       666.20000  3.16646e-06  1.64244e+08
       666.30000  3.15851e-06  1.63705e+08
       666.40000  3.15851e-06  1.63579e+08
       666.50000  4.76300e-07  2.46438e+07
       666.60000  4.76300e-07  2.46200e+07
       666.70000  4.76300e-07  2.45961e+07
       666.80000  4.76300e-07  2.45723e+07
       666.90000  4.76300e-07  2.45485e+07
       667.00000  4.76300e-07  2.45199e+07
       667.10000  4.76300e-07  2.45485e+07
       667.20000  4.76300e-07  2.45723e+07
       667.30000  4.76300e-07  2.45961e+07
       667.40000  4.76300e-07  2.46200e+07
       667.50000  4.75238e-06  2.45888e+08
       667.60000  4.75238e-06  2.46078e+08
       667.70000  4.75238e-06  2.46268e+08
       667.80000  4.75238e-06  2.46411e+08
       667.90000  4.75238e-06  2.46553e+08
       668.00000  4.75238e-06  2.46696e+08
       668.10000  4.75238e-06  2.46839e+08
       668.20000  4.75238e-06  2.46934e+08
       668.30000  4.75238e-06  2.47029e+08
       668.40000  4.75238e-06  2.47076e+08
       668.50000  3.92117e-07  2.03901e+07
       668.60000  3.92117e-07  2.03940e+07
       668.70000  3.92117e-07  2.03940e+07
       668.80000  3.91475e-07  2.03606e+07
       668.90000  3.91475e-07  2.03606e+07
       669.00000  3.91475e-07  2.03567e+07
       669.10000  3.91475e-07  2.03293e+07
       669.20000  3.91475e-07  2.03019e+07
       669.30000  3.91475e-07  2.02784e+07
       669.40000  3.91475e-07  2.02549e+07
       669.50000  1.30688e-06  6.75396e+07
       669.60000  1.30688e-06  6.74612e+07
       669.70000  1.30688e-06  6.73959e+07
       669.80000  1.30688e-06  6.73305e+07
       669.90000  1.30688e-06  6.72652e+07
       670.00000  1.30688e-06  6.72129e+07
       670.10000  1.30688e-06  6.71606e+07
       670.20000  1.30688e-06  6.71084e+07
       670.30000  1.30688e-06  6.70561e+07
       670.40000  1.30688e-06  6.70169e+07
       670.50000  1.58762e-06  8.13657e+07
       670.60000  1.58762e-06  8.13181e+07
       670.70000  1.58762e-06  8.12863e+07
       670.80000  1.58762e-06  8.12546e+07
       670.90000  1.58762e-06  8.12228e+07
       671.00000  1.58762e-06  8.12070e+07
       671.10000  1.58762e-06  8.11752e+07
       671.20000  1.58762e-06  8.11752e+07
       671.30000  1.58768e-06  8.11624e+07
       671.40000  1.58768e-06  8.11624e+07
       671.50000  4.76690e-06  2.43684e+08
       671.60000  4.76690e-06  2.43684e+08
       671.70000  4.76690e-06  2.43684e+08
       671.80000  4.76690e-06  2.43732e+08
       671.90000  4.76690e-06  2.43779e+08
       672.00000  4.76690e-06  2.43875e+08
       672.10000  4.76690e-06  2.43970e+08
       672.20000  4.76690e-06  2.44065e+08
       672.30000  4.76690e-06  2.44161e+08
       672.40000  4.76690e-06  2.44304e+08
       672.50000  1.40723e-06  7.21625e+07
       672.60000  1.40723e-06  7.22047e+07
       672.70000  1.40723e-06  7.22469e+07
       672.80000  1.40723e-06  7.23032e+07
       672.90000  1.40723e-06  7.23595e+07
       673.00000  1.40723e-06  7.24299e+07
       673.10000  1.40723e-06  7.24017e+07
       673.20000  1.40723e-06  7.23736e+07
       673.30000  1.40723e-06  7.23454e+07
       673.40000  1.40723e-06  7.23314e+07
       673.50000  2.72948e-07  1.40241e+07
       673.60000  2.72948e-07  1.40213e+07
       673.70000  2.72948e-07  1.40186e+07
       673.80000  2.73057e-07  1.40187e+07
       673.90000  2.73057e-07  1.40160e+07
       674.00000  2.73057e-07  1.40133e+07
       674.10000  2.73057e-07  1.40106e+07
       674.20000  2.73057e-07  1.40078e+07
       674.30000  2.73057e-07  1.40051e+07
       674.40000  2.73057e-07  1.40024e+07
       674.50000  4.80051e-06  2.46122e+08
       674.60000  4.80051e-06  2.46122e+08
       674.70000  4.80051e-06  2.46074e+08
       674.80000  4.80051e-06  2.46074e+08
       674.90000  4.80051e-06  2.46026e+08
       675.00000  4.80051e-06  2.46026e+08
       675.10000  4.80051e-06  2.46074e+08
       675.20000  4.80051e-06  2.46122e+08
       675.30000  4.80051e-06  2.46170e+08
       675.40000  4.80051e-06  2.46218e+08
       675.50000  4.80431e-06  2.46413e+08
       675.60000  4.80431e-06  2.46461e+08
       675.70000  4.80431e-06  2.46509e+08
       675.80000  4.80431e-06  2.46509e+08
       675.90000  4.80431e-06  2.46557e+08
       676.00000  4.80431e-06  2.46557e+08
       676.10000  4.80431e-06  2.46605e+08
       676.20000  4.80431e-06  2.46605e+08
       676.30000  4.79941e-06  2.46354e+08
       676.40000  4.79941e-06  2.46354e+08
       676.50000  6.40427e-06  3.28795e+08
       676.60000  6.40427e-06  3.28795e+08
       676.70000  6.40427e-06  3.28795e+08
       676.80000  6.40427e-06  3.28731e+08
       676.90000  6.40427e-06  3.28731e+08
       677.00000  6.40427e-06  3.28731e+08
       677.10000  6.40427e-06  3.28731e+08
       677.20000  6.40427e-06  3.28667e+08
       677.30000  6.40427e-06  3.28667e+08
       677.40000  6.40427e-06  3.28603e+08
       677.50000  4.80698e-06  2.46646e+08
       677.60000  4.80698e-06  2.46598e+08
       677.70000  4.80698e-06  2.46598e+08
       677.80000  4.80698e-06  2.46550e+08
       677.90000  4.80698e-06  2.46502e+08
       678.00000  4.80698e-06  2.46454e+08
       678.10000  4.80698e-06  2.46406e+08
       678.20000  4.80698e-06  2.46358e+08
       678.30000  4.80698e-06  2.46310e+08
       678.40000  4.80698e-06  2.46262e+08
       678.50000  6.92970e-08  3.54870e+06
       678.60000  6.92970e-08  3.54801e+06
       678.70000  6.92970e-08  3.54731e+06
       678.80000  6.92918e-08  3.54566e+06
       678.90000  6.92918e-08  3.54497e+06
       679.00000  6.92918e-08  3.54358e+06
       679.10000  6.92918e-08  3.54358e+06
       679.20000  6.92918e-08  3.54427e+06
       679.30000  6.92918e-08  3.54427e+06
       679.40000  6.92918e-08  3.54427e+06
       679.50000  3.21385e-06  1.64388e+08
       679.60000  3.21385e-06  1.64388e+08
       679.70000  3.21385e-06  1.64388e+08
       679.80000  3.21385e-06  1.64388e+08
       679.90000  3.21385e-06  1.64388e+08
       680.00000  3.21385e-06  1.64356e+08
       680.10000  3.21385e-06  1.64356e+08
       680.20000  3.21385e-06  1.64356e+08
       680.30000  3.21385e-06  1.64324e+08
       680.40000  3.21385e-06  1.64324e+08
       680.50000  3.21772e-06  1.64490e+08
       680.60000  3.21772e-06  1.64490e+08
       680.70000  3.21772e-06  1.64457e+08
       680.80000  3.21772e-06  1.64425e+08
       680.90000  3.21772e-06  1.64393e+08
       681.00000  3.21772e-06  1.64393e+08
       681.10000  3.21772e-06  1.64361e+08
       681.20000  3.21772e-06  1.64329e+08
       681.30000  3.21741e-06  1.64313e+08
       681.40000  3.21741e-06  1.64281e+08
       681.50000  8.05637e-06  4.11278e+08
       681.60000  8.05637e-06  4.11197e+08
       681.70000  8.05637e-06  4.11117e+08
       681.80000  8.05637e-06  4.10956e+08
       681.90000  8.05637e-06  4.10875e+08
       682.00000  8.05637e-06  4.10794e+08
       682.10000  8.05637e-06  4.10633e+08
       682.20000  8.05637e-06  4.10472e+08
       682.30000  8.05637e-06  4.10392e+08
       682.40000  8.05637e-06  4.10230e+08
       682.50000  3.22769e-06  1.64289e+08
       682.60000  3.22769e-06  1.64225e+08
       682.70000  3.22769e-06  1.64160e+08
       682.80000  3.22769e-06  1.64096e+08
       682.90000  3.22769e-06  1.63999e+08
       683.00000  3.22769e-06  1.63934e+08
       683.10000  3.22769e-06  1.63870e+08
       683.20000  3.22769e-06  1.63773e+08
       683.30000  3.22769e-06  1.63676e+08
       683.40000  3.22769e-06  1.63579e+08
       683.50000  3.23733e-06  1.64003e+08
       683.60000  3.23733e-06  1.63906e+08
       683.70000  3.23733e-06  1.63809e+08
       683.80000  3.23485e-06  1.63554e+08
       683.90000  3.23485e-06  1.63457e+08
       684.00000  3.23485e-06  1.63360e+08
       684.10000  3.23485e-06  1.63231e+08
       684.20000  3.23485e-06  1.63133e+08
       684.30000  3.23485e-06  1.63004e+08
       684.40000  3.23485e-06  1.62907e+08
       684.50000  6.47998e-06  3.26072e+08
       684.60000  6.47998e-06  3.25813e+08
       684.70000  6.47998e-06  3.25554e+08
       684.80000  6.47998e-06  3.25295e+08
       684.90000  6.47998e-06  3.24971e+08
       685.00000  6.47998e-06  3.24712e+08
       685.10000  6.47998e-06  3.24971e+08
       685.20000  6.47998e-06  3.25295e+08
       685.30000  6.47998e-06  3.25554e+08
       685.40000  6.47998e-06  3.25748e+08
       685.50000  6.49026e-06  3.26525e+08
       685.60000  6.49026e-06  3.26785e+08
       685.70000  6.49026e-06  3.26979e+08
       685.80000  6.49026e-06  3.27174e+08
       685.90000  6.49026e-06  3.27369e+08
       686.00000  6.49026e-06  3.27563e+08
       686.10000  6.49026e-06  3.27758e+08
       686.20000  6.49026e-06  3.27888e+08
       686.30000  6.48344e-06  3.27738e+08
       686.40000  6.48344e-06  3.27868e+08
       686.50000  3.25136e-06  1.64486e+08
       686.60000  3.25136e-06  1.64551e+08
       686.70000  3.25136e-06  1.64616e+08
       686.80000  3.25136e-06  1.64649e+08
       686.90000  3.25136e-06  1.64714e+08
       687.00000  3.25136e-06  1.64746e+08
       687.10000  3.25136e-06  1.64779e+08
       687.20000  3.25136e-06  1.64779e+08
       687.30000  3.25136e-06  1.64779e+08
       687.40000  3.25136e-06  1.64779e+08
       687.50000  1.56540e-06  7.93343e+07
       687.60000  1.56540e-06  7.93343e+07
       687.70000  1.56540e-06  7.93343e+07
       687.80000  1.56540e-06  7.93343e+07
       687.90000  1.56540e-06  7.93343e+07
       688.00000  1.56540e-06  7.93187e+07
       688.10000  1.56540e-06  7.93187e+07
       688.20000  1.56540e-06  7.93187e+07
       688.30000  1.56540e-06  7.93030e+07
       688.40000  1.56540e-06  7.93030e+07
       688.50000  8.15409e-06  4.13005e+08
       688.60000  8.15409e-06  4.12923e+08
       688.70000  8.15409e-06  4.12923e+08
       688.80000  8.14369e-06  4.12315e+08
       688.90000  8.14369e-06  4.12234e+08
       689.00000  8.14369e-06  4.12152e+08
       689.10000  8.14369e-06  4.12071e+08
       689.20000  8.14369e-06  4.11990e+08
       689.30000  8.14369e-06  4.11908e+08
       689.40000  8.14369e-06  4.11827e+08
       689.50000  3.26711e-06  1.65185e+08
       689.60000  3.26711e-06  1.65152e+08
       689.70000  3.26711e-06  1.65087e+08
       689.80000  3.26711e-06  1.65054e+08
       689.90000  3.26711e-06  1.65022e+08
       690.00000  3.26711e-06  1.64956e+08
       690.10000  3.26711e-06  1.64891e+08
       690.20000  3.26711e-06  1.64858e+08
       690.30000  3.26711e-06  1.64793e+08
       690.40000  3.26711e-06  1.64728e+08
       690.50000  4.91511e-06  2.47771e+08
       690.60000  4.91511e-06  2.47673e+08
       690.70000  4.91511e-06  2.47574e+08
       690.80000  4.91511e-06  2.47476e+08
       690.90000  4.91511e-06  2.47378e+08
       691.00000  4.91511e-06  2.47279e+08
       691.10000  4.91511e-06  2.47378e+08
       691.20000  4.91511e-06  2.47427e+08
       691.30000  4.91042e-06  2.47289e+08
       691.40000  4.91042e-06  2.47338e+08
       691.50000  4.90479e-06  2.47103e+08
       691.60000  4.90479e-06  2.47201e+08
       691.70000  4.90479e-06  2.47251e+08
       691.80000  4.90479e-06  2.47300e+08
       691.90000  4.90479e-06  2.47349e+08
       692.00000  4.90479e-06  2.47349e+08
       692.10000  4.90479e-06  2.47398e+08
       692.20000  4.90479e-06  2.47447e+08
       692.30000  4.90479e-06  2.47447e+08
       692.40000  4.90479e-06  2.47447e+08
       692.50000  4.91924e-06  2.48225e+08
       692.60000  4.91924e-06  2.48225e+08
       692.70000  4.91924e-06  2.48225e+08
       692.80000  4.91924e-06  2.48225e+08
       692.90000  4.91924e-06  2.48225e+08
       693.00000  4.91924e-06  2.48175e+08
       693.10000  4.91924e-06  2.48175e+08
       693.20000  4.91924e-06  2.48126e+08
       693.30000  4.91924e-06  2.48077e+08
       693.40000  4.91924e-06  2.48028e+08
       693.50000  4.93369e-06  2.48707e+08
       693.60000  4.93369e-06  2.48658e+08
       693.70000  4.93369e-06  2.48608e+08
       693.80000  4.91411e-06  2.47573e+08
       693.90000  4.91411e-06  2.47475e+08
       694.00000  4.91411e-06  2.47426e+08
       694.10000  4.91411e-06  2.47376e+08
       694.20000  4.91411e-06  2.47278e+08
       694.30000  4.91411e-06  2.47229e+08
       694.40000  4.91411e-06  2.47131e+08
       694.50000  3.27672e-06  1.64721e+08
       694.60000  3.27672e-06  1.64688e+08
       694.70000  3.27672e-06  1.64622e+08
       694.80000  3.27672e-06  1.64557e+08
       694.90000  3.27672e-06  1.64491e+08
       695.00000  3.27672e-06  1.64426e+08
       695.10000  3.27672e-06  1.64360e+08
       695.20000  3.27672e-06  1.64295e+08
       695.30000  3.27672e-06  1.64197e+08
       695.40000  3.27672e-06  1.64131e+08
       695.50000  6.57264e-06  3.29092e+08
       695.60000  6.57264e-06  3.28895e+08
       695.70000  6.57264e-06  3.28764e+08
       695.80000  6.57264e-06  3.28566e+08
       695.90000  6.57264e-06  3.28369e+08
       696.00000  6.57264e-06  3.28238e+08
       696.10000  6.57264e-06  3.28041e+08
       696.20000  6.57264e-06  3.27844e+08
       696.30000  6.56619e-06  3.27325e+08
       696.40000  6.56619e-06  3.27128e+08
       696.50000  3.28374e-06  1.63498e+08
       696.60000  3.28374e-06  1.63399e+08
       696.70000  3.28374e-06  1.63268e+08
       696.80000  3.28374e-06  1.63169e+08
       696.90000  3.28374e-06  1.63071e+08
       697.00000  3.28374e-06  1.62939e+08
       697.10000  3.28374e-06  1.63169e+08
       697.20000  3.28374e-06  1.63333e+08
       697.30000  3.28374e-06  1.63530e+08
       697.40000  3.28374e-06  1.63695e+08
       697.50000  9.88002e-06  4.93013e+08
       697.60000  9.88002e-06  4.93408e+08
       697.70000  9.88002e-06  4.93803e+08
       697.80000  9.88002e-06  4.94100e+08
       697.90000  9.88002e-06  4.94396e+08
       698.00000  9.88002e-06  4.94594e+08
       698.10000  9.88002e-06  4.94791e+08
       698.20000  9.88002e-06  4.94989e+08
       698.30000  9.88002e-06  4.95088e+08
       698.40000  9.88002e-06  4.95186e+08
       698.50000  9.89539e-06  4.96056e+08
       698.60000  9.89539e-06  4.96056e+08
       698.70000  9.89539e-06  4.95957e+08
       698.80000  9.87850e-06  4.95012e+08
       698.90000  9.87850e-06  4.94913e+08
       699.00000  9.87850e-06  4.94715e+08
       699.10000  9.87850e-06  4.93826e+08
       699.20000  9.87850e-06  4.92838e+08
       699.30000  9.87850e-06  4.92048e+08
       699.40000  9.87850e-06  4.91159e+08
       699.50000  3.30242e-06  1.63932e+08
       699.60000  3.30242e-06  1.63668e+08
       699.70000  3.30242e-06  1.63437e+08
       699.80000  3.30242e-06  1.63206e+08
       699.90000  3.30242e-06  1.62974e+08
       700.00000  3.30242e-06  1.62776e+08
       700.10000  3.30242e-06  1.62578e+08
       700.20000  3.30242e-06  1.62380e+08
       700.30000  3.30242e-06  1.62215e+08
       700.40000  3.30242e-06  1.62050e+08
       700.50000  4.96801e-06  2.43532e+08
       700.60000  4.96801e-06  2.43333e+08
       700.70000  4.96801e-06  2.43135e+08
       700.80000  4.96801e-06  2.42986e+08
       700.90000  4.96801e-06  2.42837e+08
       701.00000  4.96801e-06  2.42688e+08
       701.10000  4.96801e-06  2.42638e+08
       701.20000  4.96801e-06  2.42588e+08
       701.30000  4.96462e-06  2.42373e+08
       701.40000  4.96462e-06  2.42373e+08
       701.50000  4.96560e-06  2.42421e+08
       701.60000  4.96560e-06  2.42421e+08
       701.70000  4.96560e-06  2.42421e+08
       701.80000  4.96560e-06  2.42470e+08
       701.90000  4.96560e-06  2.42470e+08
       702.00000  4.96560e-06  2.42520e+08
       702.10000  4.96560e-06  2.42619e+08
       702.20000  4.96560e-06  2.42669e+08
       702.30000  4.96560e-06  2.42768e+08
       702.40000  4.96560e-06  2.42818e+08
       702.50000  6.62229e-06  3.23963e+08
       702.60000  6.62229e-06  3.24161e+08
       702.70000  6.62229e-06  3.24294e+08
       702.80000  6.62229e-06  3.24492e+08
       702.90000  6.62229e-06  3.24691e+08
       703.00000  6.62229e-06  3.24890e+08
       703.10000  6.62229e-06  3.25486e+08
       703.20000  6.62229e-06  3.26082e+08
       703.30000  6.62229e-06  3.26611e+08
       703.40000  6.62229e-06  3.27141e+08
       703.50000  6.64147e-06  3.28554e+08
       703.60000  6.64147e-06  3.29085e+08
       703.70000  6.64147e-06  3.29484e+08
       703.80000  6.62360e-06  3.29060e+08
       703.90000  6.62360e-06  3.29458e+08
       704.00000  6.62360e-06  3.29789e+08
       704.10000  6.62360e-06  3.30186e+08
       704.20000  6.62360e-06  3.30518e+08
       704.30000  6.62360e-06  3.30783e+08
       704.40000  6.62360e-06  3.31047e+08
       704.50000  8.80852e-07  4.40602e+07
       704.60000  8.80852e-07  4.40955e+07
       704.70000  8.80852e-07  4.41219e+07
       704.80000  8.80852e-07  4.41395e+07
       704.90000  8.80852e-07  4.41659e+07
       705.00000  8.80852e-07  4.41836e+07
       705.10000  8.80852e-07  4.41924e+07
       705.20000  8.80852e-07  4.42012e+07
       705.30000  8.80852e-07  4.42100e+07
       705.40000  8.80852e-07  4.42188e+07
       705.50000  4.98972e-06  2.50484e+08
       705.60000  4.98972e-06  2.50484e+08
       705.70000  4.98972e-06  2.50434e+08
       705.80000  4.98972e-06  2.50384e+08
       705.90000  4.98972e-06  2.50334e+08
       706.00000  4.98972e-06  2.50234e+08
       706.10000  4.98972e-06  2.50135e+08
       706.20000  4.98972e-06  2.49985e+08
       706.30000  4.99347e-06  2.50023e+08
       706.40000  4.99347e-06  2.49873e+08
       706.50000  8.31293e-06  4.15647e+08
       706.60000  8.31293e-06  4.15314e+08
       706.70000  8.31293e-06  4.14981e+08
       706.80000  8.31293e-06  4.14566e+08
       706.90000  8.31293e-06  4.14150e+08
       707.00000  8.31293e-06  4.13735e+08
       707.10000  8.31293e-06  4.13402e+08
       707.20000  8.31293e-06  4.13153e+08
       707.30000  8.31293e-06  4.12820e+08
       707.40000  8.31293e-06  4.12571e+08
       707.50000  4.99544e-06  2.47774e+08
       707.60000  4.99544e-06  2.47624e+08
       707.70000  4.99544e-06  2.47524e+08
       707.80000  4.99544e-06  2.47374e+08
       707.90000  4.99544e-06  2.47274e+08
       708.00000  4.99544e-06  2.47174e+08
       708.10000  4.99544e-06  2.47074e+08
       708.20000  4.99544e-06  2.46974e+08
       708.30000  4.99544e-06  2.46874e+08
       708.40000  4.99544e-06  2.46775e+08
       708.50000  1.66994e-06  8.24782e+07
       708.60000  1.66994e-06  8.24448e+07
       708.70000  1.66994e-06  8.24281e+07
       708.80000  1.66425e-06  8.21309e+07
       708.90000  1.66425e-06  8.21142e+07
       709.00000  1.66425e-06  8.21142e+07
       709.10000  1.66425e-06  8.21475e+07
       709.20000  1.66425e-06  8.21808e+07
       709.30000  1.66425e-06  8.21974e+07
       709.40000  1.66425e-06  8.22307e+07
       709.50000  3.32916e-06  1.64527e+08
       709.60000  3.32916e-06  1.64594e+08
       709.70000  3.32916e-06  1.64627e+08
       709.80000  3.32916e-06  1.64660e+08
       709.90000  3.32916e-06  1.64694e+08
       710.00000  3.32916e-06  1.64727e+08
       710.10000  3.32916e-06  1.64760e+08
       710.20000  3.32916e-06  1.64793e+08
       710.30000  3.32916e-06  1.64793e+08
       710.40000  3.32916e-06  1.64827e+08
       710.50000  5.01475e-06  2.48280e+08
       710.60000  5.01475e-06  2.48280e+08
       710.70000  5.01475e-06  2.48280e+08
       710.80000  5.01475e-06  2.48280e+08
       710.90000  5.01475e-06  2.48280e+08
       711.00000  5.01475e-06  2.48280e+08
       711.10000  5.01475e-06  2.48280e+08
       711.20000  5.01475e-06  2.48230e+08
       711.30000  5.01584e-06  2.48284e+08
       711.40000  5.01584e-06  2.48234e+08
       711.50000  8.36137e-06  4.13721e+08
       711.60000  8.36137e-06  4.13637e+08
       711.70000  8.36137e-06  4.13553e+08
       711.80000  8.36137e-06  4.13470e+08
       711.90000  8.36137e-06  4.13386e+08
       712.00000  8.36137e-06  4.13219e+08
       712.10000  8.36137e-06  4.13135e+08
       712.20000  8.36137e-06  4.12968e+08
       712.30000  8.36137e-06  4.12884e+08
       712.40000  8.36137e-06  4.12717e+08
       712.50000  5.01113e-06  2.47249e+08
       712.60000  5.01113e-06  2.47149e+08
       712.70000  5.01113e-06  2.46998e+08
       712.80000  5.01113e-06  2.46898e+08
       712.90000  5.01113e-06  2.46798e+08
       713.00000  5.01113e-06  2.46648e+08
       713.10000  5.01113e-06  2.46648e+08
       713.20000  5.01113e-06  2.46648e+08
       713.30000  5.01113e-06  2.46648e+08
       713.40000  5.01113e-06  2.46598e+08
       713.50000  6.70082e-06  3.29747e+08
       713.60000  6.70082e-06  3.29747e+08
       713.70000  6.70082e-06  3.29680e+08
       713.80000  6.69926e-06  3.29603e+08
       713.90000  6.69926e-06  3.29536e+08
       714.00000  6.69926e-06  3.29536e+08
       714.10000  6.69926e-06  3.29469e+08
       714.20000  6.69926e-06  3.29402e+08
       714.30000  6.69926e-06  3.29402e+08
       714.40000  6.69926e-06  3.29335e+08
       714.50000  3.35920e-06  1.65105e+08
       714.60000  3.35920e-06  1.65071e+08
       714.70000  3.35920e-06  1.65071e+08
       714.80000  3.35920e-06  1.65037e+08
       714.90000  3.35920e-06  1.65004e+08
       715.00000  3.35920e-06  1.64970e+08
       715.10000  3.35920e-06  1.64937e+08
       715.20000  3.35920e-06  1.64937e+08
       715.30000  3.35920e-06  1.64937e+08
       715.40000  3.35920e-06  1.64903e+08
       715.50000  5.03979e-06  2.47353e+08
       715.60000  5.03979e-06  2.47302e+08
       715.70000  5.03979e-06  2.47252e+08
       715.80000  5.03979e-06  2.47201e+08
       715.90000  5.03979e-06  2.47151e+08
       716.00000  5.03979e-06  2.47050e+08
       716.10000  5.03979e-06  2.47000e+08
       716.20000  5.03979e-06  2.46899e+08
       716.30000  5.03252e-06  2.46442e+08
       716.40000  5.03252e-06  2.46342e+08
       716.50000  6.72024e-06  3.28822e+08
       716.60000  6.72024e-06  3.28687e+08
       716.70000  6.72024e-06  3.28553e+08
       716.80000  6.72024e-06  3.28351e+08
       716.90000  6.72024e-06  3.28217e+08
       717.00000  6.72024e-06  3.28015e+08
       717.10000  6.72024e-06  3.27814e+08
       717.20000  6.72024e-06  3.27612e+08
       717.30000  6.72024e-06  3.27410e+08
       717.40000  6.72024e-06  3.27209e+08
       717.50000  5.04785e-06  2.45628e+08
       717.60000  5.04785e-06  2.45426e+08
       717.70000  5.04785e-06  2.45275e+08
       717.80000  5.04785e-06  2.45073e+08
       717.90000  5.04785e-06  2.44871e+08
       718.00000  5.04785e-06  2.44669e+08
       718.10000  5.04785e-06  2.44467e+08
       718.20000  5.04785e-06  2.44265e+08
       718.30000  5.04785e-06  2.44064e+08
       718.40000  5.04785e-06  2.43811e+08
       718.50000  6.74069e-06  3.25306e+08
       718.60000  6.74069e-06  3.24969e+08
       718.70000  6.74069e-06  3.24632e+08
       718.80000  6.71301e-06  3.22963e+08
       718.90000  6.71301e-06  3.22627e+08
       719.00000  6.71301e-06  3.22291e+08
       719.10000  6.71301e-06  3.22291e+08
       719.20000  6.71301e-06  3.22291e+08
       719.30000  6.71301e-06  3.22291e+08
       719.40000  6.71301e-06  3.22359e+08
       719.50000  3.35273e-06  1.60998e+08
       719.60000  3.35273e-06  1.61031e+08
       719.70000  3.35273e-06  1.61031e+08
       719.80000  3.35273e-06  1.61065e+08
       719.90000  3.35273e-06  1.61099e+08
       720.00000  3.35273e-06  1.61166e+08
       720.10000  3.35273e-06  1.61199e+08
       720.20000  3.35273e-06  1.61233e+08
       720.30000  3.35273e-06  1.61300e+08
       720.40000  3.35273e-06  1.61333e+08
       720.50000  8.40564e-06  4.04647e+08
       720.60000  8.40564e-06  4.04816e+08
       720.70000  8.40564e-06  4.04984e+08
       720.80000  8.40564e-06  4.05152e+08
       720.90000  8.40564e-06  4.05404e+08
       721.00000  8.40564e-06  4.05572e+08
       721.10000  8.40564e-06  4.05992e+08
       721.20000  8.40564e-06  4.06413e+08
       721.30000  8.38853e-06  4.06005e+08
       721.40000  8.38853e-06  4.06340e+08
       721.50000  8.41231e-06  4.07913e+08
       721.60000  8.41231e-06  4.08250e+08
       721.70000  8.41231e-06  4.08586e+08
       721.80000  8.41231e-06  4.09007e+08
       721.90000  8.41231e-06  4.09343e+08
       722.00000  8.41231e-06  4.09596e+08
       722.10000  8.41231e-06  4.09932e+08
       722.20000  8.41231e-06  4.10269e+08
       722.30000  8.41231e-06  4.10521e+08
       722.40000  8.41231e-06  4.10773e+08
       722.50000  6.74003e-06  3.29318e+08
       722.60000  6.74003e-06  3.29587e+08
       722.70000  6.74003e-06  3.29722e+08
       722.80000  6.74003e-06  3.29924e+08
       722.90000  6.74003e-06  3.30127e+08
       723.00000  6.74003e-06  3.30261e+08
       723.10000  6.74003e-06  3.30464e+08
       723.20000  6.74003e-06  3.30598e+08
       723.30000  6.74003e-06  3.30733e+08
       723.40000  6.74003e-06  3.30868e+08
       723.50000  3.36634e-06  1.65321e+08
       723.60000  3.36634e-06  1.65355e+08
       723.70000  3.36634e-06  1.65422e+08
       723.80000  3.35601e-06  1.64948e+08
       723.90000  3.35601e-06  1.64981e+08
       724.00000  3.35601e-06  1.65015e+08
       724.10000  3.35601e-06  1.65049e+08
       724.20000  3.35601e-06  1.65082e+08
       724.30000  3.35601e-06  1.65116e+08
       724.40000  3.35601e-06  1.65149e+08
       724.50000  6.72217e-06  3.30798e+08
       724.60000  6.72217e-06  3.30798e+08
       724.70000  6.72217e-06  3.30798e+08
       724.80000  6.72217e-06  3.30798e+08
       724.90000  6.72217e-06  3.30798e+08
       725.00000  6.72217e-06  3.30798e+08
       725.10000  6.72217e-06  3.30932e+08
       725.20000  6.72217e-06  3.31067e+08
       725.30000  6.72217e-06  3.31134e+08
       725.40000  6.72217e-06  3.31269e+08
       725.50000  5.05587e-06  2.49204e+08
       725.60000  5.05587e-06  2.49254e+08
       725.70000  5.05587e-06  2.49254e+08
       725.80000  5.05587e-06  2.49305e+08
       725.90000  5.05587e-06  2.49305e+08
       726.00000  5.05587e-06  2.49305e+08
       726.10000  5.05587e-06  2.49305e+08
       726.20000  5.05587e-06  2.49305e+08
       726.30000  5.04271e-06  2.48606e+08
       726.40000  5.04271e-06  2.48555e+08
       726.50000  5.03048e-06  2.47902e+08
       726.60000  5.03048e-06  2.47852e+08
       726.70000  5.03048e-06  2.47801e+08
       726.80000  5.03048e-06  2.47701e+08
       726.90000  5.03048e-06  2.47600e+08
       727.00000  5.03048e-06  2.47500e+08
       727.10000  5.03048e-06  2.47147e+08
       727.20000  5.03048e-06  2.46795e+08
       727.30000  5.03048e-06  2.46443e+08
       727.40000  5.03048e-06  2.46141e+08
       727.50000  5.04469e-06  2.46534e+08
       727.60000  5.04469e-06  2.46231e+08
       727.70000  5.04469e-06  2.45979e+08
       727.80000  5.04469e-06  2.45727e+08
       727.90000  5.04469e-06  2.45475e+08
       728.00000  5.04469e-06  2.45273e+08
       728.10000  5.04469e-06  2.45071e+08
       728.20000  5.04469e-06  2.44869e+08
       728.30000  5.04469e-06  2.44667e+08
       728.40000  5.04469e-06  2.44516e+08
       728.50000  8.42048e-06  4.07888e+08
       728.60000  8.42048e-06  4.07720e+08
       728.70000  8.42048e-06  4.07467e+08
       728.80000  8.42226e-06  4.07469e+08
       728.90000  8.42226e-06  4.07300e+08
       729.00000  8.42226e-06  4.07216e+08
       729.10000  8.42226e-06  4.07132e+08
       729.20000  8.42226e-06  4.07048e+08
       729.30000  8.42226e-06  4.07048e+08
       729.40000  8.42226e-06  4.06963e+08
       729.50000  5.06757e-06  2.44916e+08
       729.60000  5.06757e-06  2.44916e+08
       729.70000  5.06757e-06  2.44967e+08
       729.80000  5.06757e-06  2.45017e+08
       729.90000  5.06757e-06  2.45119e+08
       730.00000  5.06757e-06  2.45220e+08
       730.10000  5.06757e-06  2.45321e+08
       730.20000  5.06757e-06  2.45423e+08
       730.30000  5.06757e-06  2.45575e+08
       730.40000  5.06757e-06  2.45727e+08
       730.50000  3.37022e-06  1.63523e+08
       730.60000  3.37022e-06  1.63658e+08
       730.70000  3.37022e-06  1.63793e+08
       730.80000  3.37022e-06  1.63928e+08
       730.90000  3.37022e-06  1.64096e+08
       731.00000  3.37022e-06  1.64265e+08
       731.10000  3.37022e-06  1.64231e+08
       731.20000  3.37022e-06  1.64197e+08
       731.30000  3.36774e-06  1.64043e+08
       731.40000  3.36774e-06  1.64043e+08
       731.50000  5.05921e-06  2.46384e+08
       731.60000  5.05921e-06  2.46333e+08
       731.70000  5.05921e-06  2.46283e+08
       731.80000  5.05921e-06  2.46283e+08
       731.90000  5.05921e-06  2.46232e+08
       732.00000  5.05921e-06  2.46181e+08
       732.10000  5.05921e-06  2.46131e+08
       732.20000  5.05921e-06  2.46080e+08
       732.30000  5.05921e-06  2.46080e+08
       732.40000  5.05921e-06  2.46030e+08
       732.50000  5.07343e-06  2.46670e+08
       732.60000  5.07343e-06  2.46620e+08
       732.70000  5.07343e-06  2.46569e+08
       732.80000  5.07343e-06  2.46518e+08
       732.90000  5.07343e-06  2.46467e+08
       733.00000  5.07343e-06  2.46417e+08
       733.10000  5.07343e-06  2.46366e+08
       733.20000  5.07343e-06  2.46265e+08
       733.30000  5.07343e-06  2.46214e+08
       733.40000  5.07343e-06  2.46112e+08
       733.50000  6.74826e-06  3.27291e+08
       733.60000  6.74826e-06  3.27223e+08
       733.70000  6.74826e-06  3.27088e+08
       733.80000  6.73711e-06  3.26481e+08
       733.90000  6.73711e-06  3.26413e+08
       734.00000  6.73711e-06  3.26346e+08
       734.10000  6.73711e-06  3.26278e+08
       734.20000  6.73711e-06  3.26211e+08
       734.30000  6.73711e-06  3.26144e+08
       734.40000  6.73711e-06  3.26144e+08
       734.50000  1.45450e-06  7.03978e+07
       734.60000  1.45450e-06  7.03832e+07
       734.70000  1.45450e-06  7.03832e+07
       734.80000  1.45450e-06  7.03687e+07
       734.90000  1.45450e-06  7.03687e+07
       735.00000  1.45450e-06  7.03541e+07
       735.10000  1.45450e-06  7.03541e+07
       735.20000  1.45450e-06  7.03541e+07
       735.30000  1.45450e-06  7.03541e+07
       735.40000  1.45450e-06  7.03396e+07
       735.50000  1.10735e-06  5.35515e+07
       735.60000  1.10735e-06  5.35515e+07
       735.70000  1.10735e-06  5.35515e+07
       735.80000  1.10735e-06  5.35625e+07
       735.90000  1.10735e-06  5.35625e+07
       736.00000  1.10735e-06  5.35625e+07
       736.10000  1.10735e-06  5.35625e+07
       736.20000  1.10735e-06  5.35736e+07
       736.30000  1.10524e-06  5.34713e+07
       736.40000  1.10524e-06  5.34824e+07
       736.50000  3.37739e-06  1.63432e+08
       736.60000  3.37739e-06  1.63465e+08
       736.70000  3.37739e-06  1.63499e+08
       736.80000  3.37739e-06  1.63499e+08
       736.90000  3.37739e-06  1.63533e+08
       737.00000  3.37739e-06  1.63567e+08
       737.10000  3.37739e-06  1.63398e+08
       737.20000  3.37739e-06  1.63195e+08
       737.30000  3.37739e-06  1.63026e+08
       737.40000  3.37739e-06  1.62858e+08
       737.50000  8.45611e-06  4.07246e+08
       737.60000  8.45611e-06  4.06823e+08
       737.70000  8.45611e-06  4.06401e+08
       737.80000  8.45611e-06  4.05978e+08
       737.90000  8.45611e-06  4.05640e+08
       738.00000  8.45611e-06  4.05217e+08
       738.10000  8.45611e-06  4.04794e+08
       738.20000  8.45611e-06  4.04371e+08
       738.30000  8.45611e-06  4.04033e+08
       738.40000  8.45611e-06  4.03695e+08
       738.50000  3.38750e-06  1.61550e+08
       738.60000  3.38750e-06  1.61415e+08
       738.70000  3.38750e-06  1.61279e+08
       738.80000  3.37327e-06  1.60467e+08
       738.90000  3.37327e-06  1.60332e+08
       739.00000  3.37327e-06  1.60197e+08
       741.00000  1.68291e-06  7.88782e+07
       741.10000  1.68291e-06  7.89118e+07
       741.20000  1.68291e-06  7.89455e+07
       741.30000  1.68177e-06  7.89254e+07
       741.40000  1.68177e-06  7.89759e+07
       741.50000  1.65985e-06  7.79963e+07
       741.60000  1.65985e-06  7.80627e+07
       741.70000  1.65985e-06  7.81457e+07
       741.80000  1.65985e-06  7.82121e+07
       741.90000  1.65985e-06  7.83116e+07
       742.00000  1.65985e-06  7.83946e+07
       742.10000  1.65985e-06  7.84942e+07
       742.20000  1.65985e-06  7.86104e+07
       742.30000  1.65985e-06  7.87266e+07
       742.40000  1.65985e-06  7.88428e+07
       742.50000  5.06042e-06  2.40775e+08
       742.60000  5.06042e-06  2.41180e+08
       742.70000  5.06042e-06  2.41635e+08
       742.80000  5.06042e-06  2.42091e+08
       742.90000  5.06042e-06  2.42597e+08
       743.00000  5.06042e-06  2.43103e+08
       743.10000  5.06042e-06  2.43002e+08
       743.20000  5.06042e-06  2.42951e+08
       743.30000  5.06042e-06  2.42900e+08
       743.40000  5.06042e-06  2.42799e+08
       743.50000  1.69371e-06  8.12473e+07
       743.60000  1.69371e-06  8.12304e+07
       743.70000  1.69371e-06  8.12134e+07
       743.80000  1.69295e-06  8.11602e+07
       743.90000  1.69295e-06  8.11433e+07
       744.00000  1.69295e-06  8.11264e+07
       744.10000  1.69295e-06  8.11264e+07
       744.20000  1.69295e-06  8.11094e+07
       744.30000  1.69295e-06  8.11094e+07
       744.40000  1.69295e-06  8.11094e+07
       744.50000  1.69767e-06  8.13182e+07
       744.60000  1.69767e-06  8.13182e+07
       744.70000  1.69767e-06  8.13182e+07
       744.80000  1.69767e-06  8.13182e+07
       744.90000  1.69767e-06  8.13352e+07
       745.00000  1.69767e-06  8.13352e+07
       745.10000  1.69767e-06  8.13861e+07
       745.20000  1.69767e-06  8.14370e+07
       745.30000  1.69767e-06  8.14710e+07
       745.40000  1.69767e-06  8.15219e+07
       745.50000  3.39171e-06  1.62938e+08
       745.60000  3.39171e-06  1.63005e+08
       745.70000  3.39171e-06  1.63073e+08
       745.80000  3.39171e-06  1.63141e+08
       745.90000  3.39171e-06  1.63175e+08
       746.00000  3.39171e-06  1.63243e+08
       746.10000  3.39171e-06  1.63277e+08
       746.20000  3.39171e-06  1.63311e+08
       746.30000  3.37624e-06  1.62600e+08
       746.40000  3.37624e-06  1.62633e+08
       746.50000  8.46406e-06  4.07798e+08
       746.60000  8.46406e-06  4.07798e+08
       746.70000  8.46406e-06  4.07883e+08
       746.80000  8.46406e-06  4.07883e+08
       746.90000  8.46406e-06  4.07883e+08
       747.00000  8.46406e-06  4.07883e+08
       747.10000  8.46406e-06  4.07629e+08
       747.20000  8.46406e-06  4.07460e+08
       747.30000  8.46406e-06  4.07291e+08
       747.40000  8.46406e-06  4.07121e+08
       747.50000  1.69096e-06  8.13014e+07
       747.60000  1.69096e-06  8.12676e+07
       747.70000  1.69096e-06  8.12338e+07
       747.80000  1.69096e-06  8.11999e+07
       747.90000  1.69096e-06  8.11661e+07
       748.00000  1.69096e-06  8.11323e+07
       750.00000  3.37566e-06  1.61087e+08
       750.10000  3.37566e-06  1.61053e+08
       750.20000  3.37566e-06  1.61019e+08
       750.30000  3.37566e-06  1.60985e+08
       750.40000  3.37566e-06  1.60985e+08
       750.50000  6.77875e-06  3.23211e+08
       750.60000  6.77875e-06  3.23143e+08
       750.70000  6.77875e-06  3.23143e+08
       750.80000  6.77875e-06  3.23075e+08
       750.90000  6.77875e-06  3.23075e+08
       751.00000  6.77875e-06  3.23007e+08
       751.10000  6.77875e-06  3.23007e+08
       751.20000  6.77875e-06  3.23007e+08
       751.30000  6.76358e-06  3.22217e+08
       751.40000  6.76358e-06  3.22217e+08
       751.50000  1.67800e-06  7.99401e+07
       751.60000  1.67800e-06  7.99401e+07
       751.70000  1.67800e-06  7.99401e+07
       751.80000  1.67800e-06  7.99401e+07
       751.90000  1.67800e-06  7.99401e+07
       752.00000  1.67800e-06  7.99401e+07
       752.10000  1.67800e-06  7.99401e+07
       752.20000  1.67800e-06  7.99401e+07
       752.30000  1.67800e-06  7.99401e+07
       752.40000  1.67800e-06  7.99401e+07
       752.50000  5.02784e-06  2.39576e+08
       752.60000  5.02784e-06  2.39576e+08
       752.70000  5.02784e-06  2.39576e+08
       752.80000  5.02784e-06  2.39627e+08
       752.90000  5.02784e-06  2.39627e+08
       753.00000  5.02784e-06  2.39677e+08
       755.00000  4.96107e-06  2.36346e+08
       755.10000  4.96107e-06  2.36296e+08
       755.20000  4.96107e-06  2.36296e+08
       755.30000  4.96107e-06  2.36246e+08
       755.40000  4.96107e-06  2.36246e+08
       755.50000  6.60610e-06  3.14517e+08
       755.60000  6.60610e-06  3.14450e+08
       755.70000  6.60610e-06  3.14450e+08
       755.80000  6.60610e-06  3.14384e+08
       755.90000  6.60610e-06  3.14318e+08
       756.00000  6.60610e-06  3.14318e+08
       756.10000  6.60610e-06  3.14252e+08
       756.20000  6.60610e-06  3.14186e+08
       756.30000  6.59558e-06  3.13620e+08
       756.40000  6.59558e-06  3.13620e+08
       756.50000  3.28484e-06  1.56161e+08
       756.60000  3.28484e-06  1.56128e+08
       756.70000  3.28484e-06  1.56095e+08
       756.80000  3.28484e-06  1.56095e+08
       756.90000  3.28484e-06  1.56063e+08
       757.00000  3.28484e-06  1.56030e+08
       757.10000  3.28484e-06  1.55997e+08
       757.20000  3.28484e-06  1.55964e+08
       757.30000  3.28484e-06  1.55964e+08
       757.40000  3.28484e-06  1.55931e+08
       757.50000  1.34634e-07  6.38973e+06
       757.60000  1.34634e-07  6.38838e+06
       757.70000  1.34634e-07  6.38704e+06
       757.80000  1.34634e-07  6.38569e+06
       757.90000  1.34634e-07  6.38434e+06
       758.00000  1.34634e-07  6.38434e+06
       758.10000  1.34634e-07  6.38300e+06
       758.20000  1.34634e-07  6.38165e+06
       758.30000  1.34634e-07  6.38030e+06
       758.40000  1.34634e-07  6.37896e+06
       758.50000  8.13685e-06  3.85442e+08
       758.60000  8.13685e-06  3.85361e+08
       758.70000  8.13685e-06  3.85280e+08
       758.80000  8.11489e-06  3.84159e+08
       758.90000  8.11489e-06  3.84078e+08
       759.00000  8.11489e-06  3.83997e+08
       759.10000  8.11489e-06  3.83997e+08
       759.20000  8.11489e-06  3.83915e+08
       759.30000  8.11489e-06  3.83915e+08
       759.40000  8.11489e-06  3.83834e+08
       759.50000  3.22056e-06  1.52332e+08
       759.60000  3.22056e-06  1.52332e+08
       759.70000  3.22056e-06  1.52300e+08
       759.80000  3.22056e-06  1.52300e+08
       759.90000  3.22056e-06  1.52300e+08
       760.00000  3.22056e-06  1.52300e+08
       760.10000  3.22056e-06  1.52300e+08
       760.20000  3.22056e-06  1.52300e+08
       760.30000  3.22056e-06  1.52332e+08
       760.40000  3.22056e-06  1.52332e+08
       760.50000  7.98979e-07  3.77917e+07
       760.60000  7.98979e-07  3.77997e+07
       760.70000  7.98979e-07  3.77997e+07
       760.80000  7.98979e-07  3.78077e+07
       760.90000  7.98979e-07  3.78077e+07
       761.00000  7.98979e-07  3.78157e+07
       763.00000  6.35789e-06  3.02699e+08
       763.10000  6.35789e-06  3.02635e+08
       763.20000  6.35789e-06  3.02572e+08
       763.30000  6.35789e-06  3.02445e+08
       763.40000  6.35789e-06  3.02318e+08
       763.50000  4.75490e-06  2.26001e+08
       763.60000  4.75490e-06  2.25905e+08
       763.70000  4.75490e-06  2.25810e+08
       763.80000  4.74273e-06  2.25090e+08
       763.90000  4.74273e-06  2.24948e+08
       764.00000  4.74273e-06  2.24806e+08
       764.10000  4.74273e-06  2.24663e+08
       764.20000  4.74273e-06  2.24474e+08
       764.30000  4.74273e-06  2.24284e+08
       764.40000  4.74273e-06  2.24094e+08
       764.50000  3.14067e-06  1.48271e+08
       764.60000  3.14067e-06  1.48145e+08
       764.70000  3.14067e-06  1.47988e+08
       764.80000  3.14067e-06  1.47831e+08
       764.90000  3.14067e-06  1.47674e+08
       765.00000  3.14067e-06  1.47486e+08
       765.10000  3.14067e-06  1.47140e+08
       765.20000  3.14067e-06  1.46795e+08
       765.30000  3.14067e-06  1.46481e+08
       765.40000  3.14067e-06  1.46167e+08
       765.50000  1.55983e-06  7.24539e+07
       765.60000  1.55983e-06  7.23292e+07
       765.70000  1.55983e-06  7.21888e+07
       765.80000  1.55983e-06  7.20796e+07
       765.90000  1.55983e-06  7.19704e+07
       766.00000  1.55983e-06  7.18612e+07
       766.10000  1.55983e-06  7.17676e+07
       766.20000  1.55983e-06  7.16740e+07
       766.30000  1.55978e-06  7.15941e+07
       766.40000  1.55978e-06  7.15317e+07
       766.50000  4.67740e-06  2.14318e+08
       766.60000  4.67740e-06  2.14131e+08
       766.70000  4.67740e-06  2.14038e+08
       766.80000  4.67740e-06  2.13897e+08
       766.90000  4.67740e-06  2.13804e+08
       767.00000  4.67740e-06  2.13757e+08
       767.10000  4.67740e-06  2.13991e+08
       767.20000  4.67740e-06  2.14272e+08
       767.30000  4.67740e-06  2.14505e+08
       767.40000  4.67740e-06  2.14739e+08
       767.50000  4.65749e-06  2.14058e+08
       767.60000  4.65749e-06  2.14291e+08
       767.70000  4.65749e-06  2.14524e+08
       767.80000  4.65749e-06  2.14710e+08
       767.90000  4.65749e-06  2.14943e+08
       768.00000  4.65749e-06  2.15130e+08
       768.10000  4.65749e-06  2.15316e+08
       768.20000  4.65749e-06  2.15502e+08
       768.30000  4.65749e-06  2.15642e+08
       768.40000  4.65749e-06  2.15828e+08
       768.50000  6.16010e-06  2.85644e+08
       768.60000  6.16010e-06  2.85829e+08
       768.70000  6.16010e-06  2.86013e+08
       768.80000  6.15683e-06  2.86046e+08
       768.90000  6.15683e-06  2.86231e+08
       769.00000  6.15683e-06  2.86354e+08
       769.10000  6.15683e-06  2.86539e+08
       769.20000  6.15683e-06  2.86662e+08
       769.30000  6.15683e-06  2.86785e+08
       769.40000  6.15683e-06  2.86908e+08
       769.50000  3.07678e-06  1.43409e+08
       769.60000  3.07678e-06  1.43470e+08
       769.70000  3.07678e-06  1.43501e+08
       769.80000  3.07678e-06  1.43563e+08
       769.90000  3.07678e-06  1.43593e+08
       770.00000  3.07678e-06  1.43593e+08
       770.10000  3.07678e-06  1.43624e+08
       770.20000  3.07678e-06  1.43655e+08
       770.30000  3.07678e-06  1.43655e+08
       770.40000  3.07678e-06  1.43655e+08
       770.50000  4.57770e-06  2.13733e+08
       770.60000  4.57770e-06  2.13733e+08
       770.70000  4.57770e-06  2.13733e+08
       770.80000  4.57770e-06  2.13733e+08
       770.90000  4.57770e-06  2.13687e+08
       771.00000  4.57770e-06  2.13641e+08
       771.10000  4.57770e-06  2.13824e+08
       771.20000  4.57770e-06  2.13962e+08
       771.30000  4.56369e-06  2.13444e+08
       771.40000  4.56369e-06  2.13581e+08
       771.50000  9.06469e-06  4.24499e+08
       771.60000  9.06469e-06  4.24681e+08
       771.70000  9.06469e-06  4.24953e+08
       771.80000  9.06469e-06  4.25134e+08
       771.90000  9.06469e-06  4.25225e+08
       772.00000  9.06469e-06  4.25406e+08
       772.10000  9.06469e-06  4.25497e+08
       772.20000  9.06469e-06  4.25587e+08
       772.30000  9.06469e-06  4.25678e+08
       772.40000  9.06469e-06  4.25769e+08
       772.50000  3.01966e-06  1.41833e+08
       772.60000  3.01966e-06  1.41833e+08
       772.70000  3.01966e-06  1.41833e+08
       772.80000  3.01966e-06  1.41803e+08
       772.90000  3.01966e-06  1.41803e+08
       773.00000  3.01966e-06  1.41773e+08
       773.10000  3.01966e-06  1.41592e+08
       773.20000  3.01966e-06  1.41441e+08
       773.30000  3.01966e-06  1.41260e+08
       773.40000  3.01966e-06  1.41109e+08
       773.50000  6.01243e-06  2.80660e+08
       773.60000  6.01243e-06  2.80420e+08
       773.70000  6.01243e-06  2.80179e+08
       773.80000  5.98865e-06  2.78831e+08
       773.90000  5.98865e-06  2.78592e+08
       774.00000  5.98865e-06  2.78352e+08
       774.10000  5.98865e-06  2.78173e+08
       774.20000  5.98865e-06  2.77993e+08
       774.30000  5.98865e-06  2.77873e+08
       774.40000  5.98865e-06  2.77694e+08
       774.50000  1.48299e-06  6.87368e+07
       774.60000  1.48299e-06  6.87220e+07
       774.70000  1.48299e-06  6.86923e+07
       774.80000  1.48299e-06  6.86775e+07
       774.90000  1.48299e-06  6.86626e+07
       775.00000  1.48299e-06  6.86478e+07
       775.10000  1.48299e-06  6.86478e+07
       775.20000  1.48299e-06  6.86478e+07
       775.30000  1.48299e-06  6.86478e+07
       775.40000  1.48299e-06  6.86478e+07
       775.50000  5.91266e-06  2.73756e+08
       775.60000  5.91266e-06  2.73815e+08
       775.70000  5.91266e-06  2.73874e+08
       775.80000  5.91266e-06  2.73934e+08
       775.90000  5.91266e-06  2.74052e+08
       776.00000  5.91266e-06  2.74170e+08
       776.10000  5.91266e-06  2.74288e+08
       776.20000  5.91266e-06  2.74466e+08
       776.30000  5.89767e-06  2.73947e+08
       776.40000  5.89767e-06  2.74124e+08
       776.50000  7.32954e-06  3.40897e+08
       776.60000  7.32954e-06  3.41190e+08
       776.70000  7.32954e-06  3.41483e+08
       776.80000  7.32954e-06  3.41776e+08
       776.90000  7.32954e-06  3.42143e+08
       777.00000  7.32954e-06  3.42436e+08
       777.10000  7.32954e-06  3.42289e+08
       777.20000  7.32954e-06  3.42216e+08
       777.30000  7.32954e-06  3.42070e+08
       777.40000  7.32954e-06  3.41923e+08
       777.50000  2.90735e-06  1.35570e+08
       777.60000  2.90735e-06  1.35541e+08
       777.70000  2.90735e-06  1.35482e+08
       777.80000  2.90735e-06  1.35453e+08
       777.90000  2.90735e-06  1.35424e+08
       778.00000  2.90735e-06  1.35366e+08
       778.10000  2.90735e-06  1.35337e+08
       778.20000  2.90735e-06  1.35308e+08
       778.30000  2.90735e-06  1.35279e+08
       778.40000  2.90735e-06  1.35250e+08
       778.50000  5.83902e-06  2.71631e+08
       778.60000  5.83902e-06  2.71573e+08
       778.70000  5.83902e-06  2.71514e+08
       778.80000  5.82423e-06  2.70827e+08
       778.90000  5.82423e-06  2.70827e+08
       779.00000  5.82423e-06  2.70768e+08
       779.10000  5.82423e-06  2.70885e+08
       779.20000  5.82423e-06  2.70943e+08
       779.30000  5.82423e-06  2.71060e+08
       779.40000  5.82423e-06  2.71118e+08
       779.50000  5.76828e-06  2.68571e+08
       779.60000  5.76828e-06  2.68629e+08
       779.70000  5.76828e-06  2.68686e+08
       779.80000  5.76828e-06  2.68744e+08
       779.90000  5.76828e-06  2.68802e+08
       780.00000  5.76828e-06  2.68859e+08
       780.10000  5.76828e-06  2.68859e+08
       780.20000  5.76828e-06  2.68917e+08
       780.30000  5.76828e-06  2.68917e+08
       780.40000  5.76828e-06  2.68917e+08
       780.50000  8.61181e-06  4.01483e+08
       780.60000  8.61181e-06  4.01483e+08
       780.70000  8.61181e-06  4.01483e+08
       780.80000  8.61181e-06  4.01483e+08
       780.90000  8.61181e-06  4.01483e+08
       781.00000  8.61181e-06  4.01397e+08
       781.10000  8.61181e-06  4.01397e+08
       781.20000  8.61181e-06  4.01311e+08
       781.30000  8.56393e-06  3.98994e+08
       781.40000  8.56393e-06  3.98908e+08
       781.50000  4.27774e-06  1.99214e+08
       781.60000  4.27774e-06  1.99171e+08
       781.70000  4.27774e-06  1.99129e+08
       781.80000  4.27774e-06  1.99086e+08
       781.90000  4.27774e-06  1.99000e+08
       782.00000  4.27774e-06  1.98958e+08
       782.10000  4.27774e-06  1.98872e+08
       782.20000  4.27774e-06  1.98786e+08
       782.30000  4.27774e-06  1.98744e+08
       782.40000  4.27774e-06  1.98658e+08
       782.50000  4.25216e-06  1.97385e+08
       782.60000  4.25216e-06  1.97258e+08
       782.70000  4.25216e-06  1.97173e+08
       782.80000  4.25216e-06  1.97087e+08
       782.90000  4.25216e-06  1.96960e+08
       783.00000  4.25216e-06  1.96875e+08
       783.10000  4.25216e-06  1.96960e+08
       783.20000  4.25216e-06  1.97045e+08
       783.30000  4.25216e-06  1.97130e+08
       783.40000  4.25216e-06  1.97173e+08
       783.50000  2.81411e-06  1.30546e+08
       783.60000  2.81411e-06  1.30603e+08
       783.70000  2.81411e-06  1.30631e+08
       783.80000  2.79976e-06  1.30021e+08
       783.90000  2.79976e-06  1.30077e+08
       784.00000  2.79976e-06  1.30105e+08
       784.10000  2.79976e-06  1.30133e+08
       784.20000  2.79976e-06  1.30189e+08
       784.30000  2.79976e-06  1.30217e+08
       784.40000  2.79976e-06  1.30245e+08
       784.50000  5.56545e-06  2.58960e+08
       784.60000  5.56545e-06  2.59016e+08
       784.70000  5.56545e-06  2.59071e+08
       784.80000  5.56545e-06  2.59127e+08
       784.90000  5.56545e-06  2.59183e+08
       785.00000  5.56545e-06  2.59183e+08
       785.10000  5.56545e-06  2.59183e+08
       785.20000  5.56545e-06  2.59183e+08
       785.30000  5.56545e-06  2.59183e+08
       785.40000  5.56545e-06  2.59183e+08
       785.50000  4.14867e-06  1.93203e+08
       785.60000  4.14867e-06  1.93203e+08
       785.70000  4.14867e-06  1.93203e+08
       785.80000  4.14867e-06  1.93203e+08
       785.90000  4.14867e-06  1.93203e+08
       786.00000  4.14867e-06  1.93203e+08
       786.10000  4.14867e-06  1.93203e+08
       786.20000  4.14867e-06  1.93203e+08
       786.30000  4.14171e-06  1.92879e+08
       786.40000  4.14171e-06  1.92879e+08
       786.50000  4.11105e-06  1.91452e+08
       786.60000  4.11105e-06  1.91452e+08
       786.70000  4.11105e-06  1.91452e+08
       786.80000  4.11105e-06  1.91452e+08
       786.90000  4.11105e-06  1.91452e+08
       787.00000  4.11105e-06  1.91452e+08
       787.10000  4.11105e-06  1.91452e+08
       787.20000  4.11105e-06  1.91452e+08
       787.30000  4.11105e-06  1.91452e+08
       787.40000  4.11105e-06  1.91452e+08
       787.50000  2.72721e-06  1.27006e+08
       787.60000  2.72721e-06  1.27006e+08
       787.70000  2.72721e-06  1.27006e+08
       787.80000  2.72721e-06  1.27006e+08
       787.90000  2.72721e-06  1.27006e+08
       788.00000  2.72721e-06  1.27006e+08
       788.10000  2.72721e-06  1.27006e+08
       788.20000  2.72721e-06  1.27006e+08
       788.30000  2.72721e-06  1.27006e+08
       788.40000  2.72721e-06  1.27006e+08
       788.50000  2.72037e-06  1.26688e+08
       788.60000  2.72037e-06  1.26688e+08
       788.70000  2.72037e-06  1.26688e+08
       788.80000  2.72084e-06  1.26710e+08
       788.90000  2.72084e-06  1.26710e+08
       789.00000  2.72084e-06  1.26710e+08
       789.10000  2.72084e-06  1.26655e+08
       789.20000  2.72084e-06  1.26574e+08
       789.30000  2.72084e-06  1.26492e+08
       789.40000  2.72084e-06  1.26438e+08
       789.50000  6.75100e-06  3.13516e+08
       789.60000  6.75100e-06  3.13314e+08
       789.70000  6.75100e-06  3.13179e+08
       789.80000  6.75100e-06  3.12976e+08
       789.90000  6.75100e-06  3.12774e+08
       790.00000  6.75100e-06  3.12639e+08
       790.10000  6.75100e-06  3.12436e+08
       790.20000  6.75100e-06  3.12301e+08
       790.30000  6.75100e-06  3.12099e+08
       790.40000  6.75100e-06  3.11964e+08
       790.50000  5.38026e-06  2.48460e+08
       790.60000  5.38026e-06  2.48299e+08
       790.70000  5.38026e-06  2.48191e+08
       790.80000  5.38026e-06  2.48030e+08
       790.90000  5.38026e-06  2.47922e+08
       791.00000  5.38026e-06  2.47761e+08
       791.10000  5.38026e-06  2.47599e+08
       791.20000  5.38026e-06  2.47492e+08
       791.30000  5.36457e-06  2.46609e+08
       791.40000  5.36457e-06  2.46449e+08
       791.50000  2.66524e-06  1.22361e+08
       791.60000  2.66524e-06  1.22281e+08
       791.70000  2.66524e-06  1.22228e+08
       791.80000  2.66524e-06  1.22148e+08
       791.90000  2.66524e-06  1.22095e+08
       792.00000  2.66524e-06  1.22015e+08
       792.10000  2.66524e-06  1.21961e+08
       792.20000  2.66524e-06  1.21908e+08
       792.30000  2.66524e-06  1.21828e+08
       792.40000  2.66524e-06  1.21775e+08
       792.50000  5.29638e-06  2.41886e+08
       792.60000  5.29638e-06  2.41780e+08
       792.70000  5.29638e-06  2.41674e+08
       792.80000  5.29638e-06  2.41568e+08
       792.90000  5.29638e-06  2.41462e+08
       793.00000  5.29638e-06  2.41356e+08
       793.10000  5.29638e-06  2.41197e+08
       793.20000  5.29638e-06  2.40985e+08
       793.30000  5.29638e-06  2.40826e+08
       793.40000  5.29638e-06  2.40668e+08
       793.50000  5.27556e-06  2.39563e+08
       793.60000  5.27556e-06  2.39458e+08
       793.70000  5.27556e-06  2.39300e+08
       793.80000  5.26051e-06  2.38564e+08
       793.90000  5.26051e-06  2.38459e+08
       794.00000  5.26051e-06  2.38406e+08
       794.10000  5.26051e-06  2.38301e+08
       794.20000  5.26051e-06  2.38301e+08
       794.30000  5.26051e-06  2.38249e+08
       794.40000  5.26051e-06  2.38249e+08
       794.50000  6.52493e-06  2.95514e+08
       794.60000  6.52493e-06  2.95514e+08
       794.70000  6.52493e-06  2.95579e+08
       794.80000  6.52493e-06  2.95579e+08
       794.90000  6.52493e-06  2.95645e+08
       795.00000  6.52493e-06  2.95775e+08
       795.10000  6.52493e-06  2.96232e+08
       795.20000  6.52493e-06  2.96689e+08
       795.30000  6.52493e-06  2.97145e+08
       795.40000  6.52493e-06  2.97602e+08
       795.50000  1.19553e-06  5.45997e+07
       795.60000  1.19553e-06  5.46715e+07
       795.70000  1.19553e-06  5.47312e+07
       795.80000  1.19553e-06  5.47910e+07
       795.90000  1.19553e-06  5.48508e+07
       796.00000  1.19553e-06  5.48986e+07
       796.10000  1.19553e-06  5.49464e+07
       796.20000  1.19553e-06  5.49943e+07
       796.30000  1.19394e-06  5.49569e+07
       796.40000  1.19394e-06  5.49927e+07
       796.50000  2.56940e-06  1.18424e+08
       796.60000  2.56940e-06  1.18475e+08
       796.70000  2.56940e-06  1.18526e+08
       796.80000  2.56940e-06  1.18552e+08
       796.90000  2.56940e-06  1.18578e+08
       797.00000  2.56940e-06  1.18603e+08
       797.10000  2.56940e-06  1.18629e+08
       797.20000  2.56940e-06  1.18629e+08
       797.30000  2.56940e-06  1.18629e+08
       797.40000  2.56940e-06  1.18603e+08
       797.50000  3.86673e-06  1.78450e+08
       797.60000  3.86673e-06  1.78411e+08
       797.70000  3.86673e-06  1.78334e+08
       797.80000  3.86673e-06  1.78256e+08
       797.90000  3.86673e-06  1.78179e+08
       798.00000  3.86673e-06  1.78063e+08
       798.10000  3.86673e-06  1.77947e+08
       798.20000  3.86673e-06  1.77831e+08
       798.30000  3.86673e-06  1.77676e+08
       798.40000  3.86673e-06  1.77522e+08
       798.50000  2.53869e-06  1.16450e+08
       798.60000  2.53869e-06  1.16323e+08
       798.70000  2.53869e-06  1.16196e+08
       798.80000  2.53289e-06  1.15804e+08
       798.90000  2.53289e-06  1.15652e+08
       799.00000  2.53289e-06  1.15500e+08
       799.10000  2.53289e-06  1.15576e+08
       799.20000  2.53289e-06  1.15677e+08
       799.30000  2.53289e-06  1.15778e+08
       799.40000  2.53289e-06  1.15854e+08
       799.50000  9.77056e-05  4.47199e+09
       799.60000  9.77056e-05  4.47492e+09
       799.70000  9.77056e-05  4.47785e+09
       799.80000  9.77056e-05  4.47980e+09
       799.90000  9.77056e-05  4.48176e+09
       800.00000  9.77056e-05  4.48371e+09
