PDS_VERSION_ID         = PDS3
RECORD_TYPE            = STREAM
OBJECT                 = TEXT
  PUBLICATION_DATE     = 2014-04-25
  INTERCHANGE_FORMAT   = ASCII
  NOTE                 = "System transmission vs. wavelength."
END_OBJECT             = TEXT
END
    
The systrans directory contains the non-wavelength-integrated system 
transmission values (QE*optics*filter1*filter2) for each filter combination. 
The naming convention for these files is as follows:

<camera><filter 1><filter 2>_systrans.tab

where <camera> is "issna" or "isswa," and <filter 1> and <filter 2> represent
the filter names. For polarized filter combinations, values are given for the
parallel orientation of the filter (full transmission), with values for the 
perpendicular (blocking) orientation provided in files with subscript 
"_b_systrans.tab". 

Columns in systrans files are as follows:

 1st column: Wavelength (nm)  
 2nd column: Transmitted Flux
 3rd column: Transmitted Flux * Solar Flux (phot per cm^2-s-angstrom at 1 AU)

The solar spectrum used for this calculation is provided in solarflux.tab.

\begindata
       661.00000  2.04082e-12      106.551
       661.10000  2.04082e-12      106.490
       661.20000  2.04082e-12      106.408
       661.30000  2.03575e-12      106.083
       661.40000  2.03575e-12      106.022
       661.50000  3.88969e-12      202.458
       661.60000  3.88969e-12      202.381
       661.70000  3.88969e-12      202.264
       661.80000  3.88969e-12      202.186
       661.90000  3.88969e-12      202.108
       662.00000  3.88969e-12      202.031
       662.10000  3.88969e-12      201.953
       662.20000  3.88969e-12      201.875
       662.30000  3.88969e-12      201.836
       662.40000  3.88969e-12      201.797
       662.50000  6.85196e-12      355.342
       662.60000  6.85196e-12      355.342
       662.70000  6.85196e-12      355.274
       662.80000  6.85196e-12      355.205
       662.90000  6.85196e-12      355.205
       663.00000  6.85196e-12      355.205
       663.10000  6.85196e-12      355.479
       663.20000  6.85196e-12      355.685
       663.30000  6.85196e-12      355.959
       663.40000  6.85196e-12      356.165
       663.50000  2.27616e-12      118.383
       663.60000  2.27616e-12      118.451
       663.70000  2.27616e-12      118.497
       663.80000  2.27130e-12      118.312
       663.90000  2.27130e-12      118.358
       664.00000  2.27130e-12      118.380
       664.10000  2.27130e-12      118.426
       664.20000  2.27130e-12      118.448
       664.30000  2.27130e-12      118.471
       664.40000  2.27130e-12      118.494
       664.50000  5.18770e-12      270.642
       664.60000  5.18770e-12      270.642
       664.70000  5.18770e-12      270.642
       664.80000  5.18770e-12      270.642
       664.90000  5.18770e-12      270.642
       665.00000  5.18770e-12      270.590
       665.10000  5.18770e-12      270.539
       665.20000  5.18770e-12      270.487
       665.30000  5.18770e-12      270.383
       665.40000  5.18770e-12      270.279
       665.50000  4.97371e-12      259.031
       665.60000  4.97371e-12      258.931
       665.70000  4.97371e-12      258.782
       665.80000  4.97371e-12      258.683
       665.90000  4.97371e-12      258.534
       666.00000  4.97371e-12      258.335
       666.10000  4.97371e-12      258.185
       666.20000  4.97371e-12      257.986
       666.30000  4.96122e-12      257.140
       666.40000  4.96122e-12      256.942
       666.50000  3.45342e-13      17.8680
       666.60000  3.45342e-13      17.8507
       666.70000  3.45342e-13      17.8334
       666.80000  3.45342e-13      17.8162
       666.90000  3.45342e-13      17.7989
       667.00000  3.45342e-13      17.7782
       667.10000  3.45342e-13      17.7989
       667.20000  3.45342e-13      17.8162
       667.30000  3.45342e-13      17.8334
       667.40000  3.45342e-13      17.8507
       667.50000  4.80979e-12      248.858
       667.60000  4.80979e-12      249.051
       667.70000  4.80979e-12      249.243
       667.80000  4.80979e-12      249.388
       667.90000  4.80979e-12      249.532
       668.00000  4.80979e-12      249.676
       668.10000  4.80979e-12      249.820
       668.20000  4.80979e-12      249.917
       668.30000  4.80979e-12      250.013
       668.40000  4.80979e-12      250.061
       668.50000  9.33406e-14      4.85371
       668.60000  9.33406e-14      4.85464
       668.70000  9.33406e-14      4.85464
       668.80000  9.31879e-14      4.84670
       668.90000  9.31879e-14      4.84670
       669.00000  9.31879e-14      4.84577
       669.10000  9.31879e-14      4.83925
       669.20000  9.31879e-14      4.83273
       669.30000  9.31879e-14      4.82713
       669.40000  9.31879e-14      4.82154
       669.50000  1.27409e-12      65.8449
       669.60000  1.27409e-12      65.7684
       669.70000  1.27409e-12      65.7047
       669.80000  1.27409e-12      65.6410
       669.90000  1.27409e-12      65.5773
       670.00000  1.27409e-12      65.5264
       670.10000  1.27409e-12      65.4754
       670.20000  1.27409e-12      65.4244
       670.30000  1.27409e-12      65.3735
       670.40000  1.27409e-12      65.3353
       670.50000  1.42236e-12      72.8960
       670.60000  1.42236e-12      72.8534
       670.70000  1.42236e-12      72.8249
       670.80000  1.42236e-12      72.7965
       670.90000  1.42236e-12      72.7680
       671.00000  1.42236e-12      72.7538
       671.10000  1.42236e-12      72.7254
       671.20000  1.42236e-12      72.7254
       671.30000  1.42242e-12      72.7139
       671.40000  1.42242e-12      72.7139
       671.50000  5.28372e-12      270.104
       671.60000  5.28372e-12      270.104
       671.70000  5.28372e-12      270.104
       671.80000  5.28372e-12      270.157
       671.90000  5.28372e-12      270.210
       672.00000  5.28372e-12      270.315
       672.10000  5.28372e-12      270.421
       672.20000  5.28372e-12      270.527
       672.30000  5.28372e-12      270.632
       672.40000  5.28372e-12      270.791
       672.50000  5.59267e-13      28.6792
       672.60000  5.59267e-13      28.6960
       672.70000  5.59267e-13      28.7128
       672.80000  5.59267e-13      28.7351
       672.90000  5.59267e-13      28.7575
       673.00000  5.59267e-13      28.7855
       673.10000  5.59267e-13      28.7743
       673.20000  5.59267e-13      28.7631
       673.30000  5.59267e-13      28.7519
       673.40000  5.59267e-13      28.7463
       673.50000  2.24826e-13      11.5516
       673.60000  2.24826e-13      11.5493
       673.70000  2.24826e-13      11.5471
       673.80000  2.24916e-13      11.5472
       673.90000  2.24916e-13      11.5449
       674.00000  2.24916e-13      11.5427
       674.10000  2.24916e-13      11.5404
       674.20000  2.24916e-13      11.5382
       674.30000  2.24916e-13      11.5359
       674.40000  2.24916e-13      11.5337
       674.50000  1.15524e-12      59.2292
       674.60000  1.15524e-12      59.2292
       674.70000  1.15524e-12      59.2176
       674.80000  1.15524e-12      59.2176
       674.90000  1.15524e-12      59.2061
       675.00000  1.15524e-12      59.2061
       675.10000  1.15524e-12      59.2176
       675.20000  1.15524e-12      59.2292
       675.30000  1.15524e-12      59.2407
       675.40000  1.15524e-12      59.2523
       675.50000  5.70663e-12      292.693
       675.60000  5.70663e-12      292.750
       675.70000  5.70663e-12      292.807
       675.80000  5.70663e-12      292.807
       675.90000  5.70663e-12      292.864
       676.00000  5.70663e-12      292.864
       676.10000  5.70663e-12      292.921
       676.20000  5.70663e-12      292.921
       676.30000  5.70081e-12      292.622
       676.40000  5.70081e-12      292.622
       676.50000  8.74534e-13      44.8986
       676.60000  8.74534e-13      44.8986
       676.70000  8.74534e-13      44.8986
       676.80000  8.74534e-13      44.8899
       676.90000  8.74534e-13      44.8899
       677.00000  8.74534e-13      44.8899
       677.10000  8.74534e-13      44.8899
       677.20000  8.74534e-13      44.8811
       677.30000  8.74534e-13      44.8811
       677.40000  8.74534e-13      44.8724
       677.50000  3.72450e-12      191.104
       677.60000  3.72450e-12      191.067
       677.70000  3.72450e-12      191.067
       677.80000  3.72450e-12      191.030
       677.90000  3.72450e-12      190.992
       678.00000  3.72450e-12      190.955
       678.10000  3.72450e-12      190.918
       678.20000  3.72450e-12      190.881
       678.30000  3.72450e-12      190.843
       678.40000  3.72450e-12      190.806
       678.50000  8.56548e-14      4.38638
       678.60000  8.56548e-14      4.38553
       678.70000  8.56548e-14      4.38467
       678.80000  8.56483e-14      4.38263
       678.90000  8.56483e-14      4.38177
       679.00000  8.56483e-14      4.38006
       679.10000  8.56483e-14      4.38006
       679.20000  8.56483e-14      4.38091
       679.30000  8.56483e-14      4.38091
       679.40000  8.56483e-14      4.38091
       679.50000  4.28716e-12      219.288
       679.60000  4.28716e-12      219.288
       679.70000  4.28716e-12      219.288
       679.80000  4.28716e-12      219.288
       679.90000  4.28716e-12      219.288
       680.00000  4.28716e-12      219.245
       680.10000  4.28716e-12      219.245
       680.20000  4.28716e-12      219.245
       680.30000  4.28716e-12      219.202
       680.40000  4.28716e-12      219.202
       680.50000  9.43353e-13      48.2242
       680.60000  9.43353e-13      48.2242
       680.70000  9.43353e-13      48.2148
       680.80000  9.43353e-13      48.2053
       680.90000  9.43353e-13      48.1959
       681.00000  9.43353e-13      48.1959
       681.10000  9.43353e-13      48.1865
       681.20000  9.43353e-13      48.1771
       681.30000  9.43264e-13      48.1725
       681.40000  9.43264e-13      48.1631
       681.50000  2.84752e-12      145.366
       681.60000  2.84752e-12      145.338
       681.70000  2.84752e-12      145.309
       681.80000  2.84752e-12      145.252
       681.90000  2.84752e-12      145.224
       682.00000  2.84752e-12      145.195
       682.10000  2.84752e-12      145.138
       682.20000  2.84752e-12      145.081
       682.30000  2.84752e-12      145.053
       682.40000  2.84752e-12      144.996
       682.50000  4.14936e-12      211.202
       682.60000  4.14936e-12      211.119
       682.70000  4.14936e-12      211.036
       682.80000  4.14936e-12      210.953
       682.90000  4.14936e-12      210.829
       683.00000  4.14936e-12      210.746
       683.10000  4.14936e-12      210.663
       683.20000  4.14936e-12      210.538
       683.30000  4.14936e-12      210.414
       683.40000  4.14936e-12      210.289
       683.50000  4.34194e-12      219.963
       683.60000  4.34194e-12      219.832
       683.70000  4.34194e-12      219.702
       683.80000  4.33861e-12      219.360
       683.90000  4.33861e-12      219.230
       684.00000  4.33861e-12      219.100
       684.10000  4.33861e-12      218.926
       684.20000  4.33861e-12      218.796
       684.30000  4.33861e-12      218.623
       684.40000  4.33861e-12      218.493
       684.50000  3.32207e-12      167.166
       684.60000  3.32207e-12      167.034
       684.70000  3.32207e-12      166.901
       684.80000  3.32207e-12      166.768
       684.90000  3.32207e-12      166.602
       685.00000  3.32207e-12      166.469
       685.10000  3.32207e-12      166.602
       685.20000  3.32207e-12      166.768
       685.30000  3.32207e-12      166.901
       685.40000  3.32207e-12      167.000
       685.50000  5.93125e-12      298.401
       685.60000  5.93125e-12      298.638
       685.70000  5.93125e-12      298.816
       685.80000  5.93125e-12      298.994
       685.90000  5.93125e-12      299.172
       686.00000  5.93125e-12      299.350
       686.10000  5.93125e-12      299.528
       686.20000  5.93125e-12      299.647
       686.30000  5.92502e-12      299.510
       686.40000  5.92502e-12      299.628
       686.50000  3.63765e-12      184.029
       686.60000  3.63765e-12      184.102
       686.70000  3.63765e-12      184.174
       686.80000  3.63765e-12      184.211
       686.90000  3.63765e-12      184.283
       687.00000  3.63765e-12      184.320
       687.10000  3.63765e-12      184.356
       687.20000  3.63765e-12      184.356
       687.30000  3.63765e-12      184.356
       687.40000  3.63765e-12      184.356
       687.50000  1.75872e-12      89.1317
       687.60000  1.75872e-12      89.1317
       687.70000  1.75872e-12      89.1317
       687.80000  1.75872e-12      89.1317
       687.90000  1.75872e-12      89.1317
       688.00000  1.75872e-12      89.1141
       688.10000  1.75872e-12      89.1141
       688.20000  1.75872e-12      89.1141
       688.30000  1.75872e-12      89.0965
       688.40000  1.75872e-12      89.0965
       688.50000  8.28872e-13      41.9824
       688.60000  8.28872e-13      41.9741
       688.70000  8.28872e-13      41.9741
       688.80000  8.27815e-13      41.9123
       688.90000  8.27815e-13      41.9040
       689.00000  8.27815e-13      41.8957
       689.10000  8.27815e-13      41.8874
       689.20000  8.27815e-13      41.8792
       689.30000  8.27815e-13      41.8709
       689.40000  8.27815e-13      41.8626
       689.50000  4.60945e-12      233.054
       689.60000  4.60945e-12      233.008
       689.70000  4.60945e-12      232.916
       689.80000  4.60945e-12      232.870
       689.90000  4.60945e-12      232.824
       690.00000  4.60945e-12      232.731
       690.10000  4.60945e-12      232.639
       690.20000  4.60945e-12      232.593
       690.30000  4.60945e-12      232.501
       690.40000  4.60945e-12      232.409
       690.50000  4.75512e-12      239.706
       690.60000  4.75512e-12      239.611
       690.70000  4.75512e-12      239.515
       690.80000  4.75512e-12      239.420
       690.90000  4.75512e-12      239.325
       691.00000  4.75512e-12      239.230
       691.10000  4.75512e-12      239.325
       691.20000  4.75512e-12      239.373
       691.30000  4.75058e-12      239.239
       691.40000  4.75058e-12      239.287
       691.50000  4.75724e-12      239.670
       691.60000  4.75724e-12      239.765
       691.70000  4.75724e-12      239.813
       691.80000  4.75724e-12      239.860
       691.90000  4.75724e-12      239.908
       692.00000  4.75724e-12      239.908
       692.10000  4.75724e-12      239.955
       692.20000  4.75724e-12      240.003
       692.30000  4.75724e-12      240.003
       692.40000  4.75724e-12      240.003
       692.50000  7.75218e-13      39.1175
       692.60000  7.75218e-13      39.1175
       692.70000  7.75218e-13      39.1175
       692.80000  7.75218e-13      39.1175
       692.90000  7.75218e-13      39.1175
       693.00000  7.75218e-13      39.1097
       693.10000  7.75218e-13      39.1097
       693.20000  7.75218e-13      39.1020
       693.30000  7.75218e-13      39.0942
       693.40000  7.75218e-13      39.0865
       693.50000  8.83009e-12      445.125
       693.60000  8.83009e-12      445.036
       693.70000  8.83009e-12      444.948
       693.80000  8.79505e-12      443.095
       693.90000  8.79505e-12      442.919
       694.00000  8.79505e-12      442.831
       694.10000  8.79505e-12      442.743
       694.20000  8.79505e-12      442.567
       694.30000  8.79505e-12      442.479
       694.40000  8.79505e-12      442.303
       694.50000  1.93613e-12      97.3293
       694.60000  1.93613e-12      97.3099
       694.70000  1.93613e-12      97.2712
       694.80000  1.93613e-12      97.2325
       694.90000  1.93613e-12      97.1938
       695.00000  1.93613e-12      97.1550
       695.10000  1.93613e-12      97.1163
       695.20000  1.93613e-12      97.0776
       695.30000  1.93613e-12      97.0195
       695.40000  1.93613e-12      96.9808
       695.50000  2.09026e-12      104.659
       695.60000  2.09026e-12      104.597
       695.70000  2.09026e-12      104.555
       695.80000  2.09026e-12      104.492
       695.90000  2.09026e-12      104.429
       696.00000  2.09026e-12      104.388
       696.10000  2.09026e-12      104.325
       696.20000  2.09026e-12      104.262
       696.30000  2.08821e-12      104.097
       696.40000  2.08821e-12      104.035
       696.50000  9.08353e-13      45.2269
       696.60000  9.08353e-13      45.1996
       696.70000  9.08353e-13      45.1633
       696.80000  9.08353e-13      45.1361
       696.90000  9.08353e-13      45.1088
       697.00000  9.08353e-13      45.0725
       697.10000  9.08353e-13      45.1361
       697.20000  9.08353e-13      45.1815
       697.30000  9.08353e-13      45.2360
       697.40000  9.08353e-13      45.2814
       697.50000  1.30659e-11      651.989
       697.60000  1.30659e-11      652.512
       697.70000  1.30659e-11      653.035
       697.80000  1.30659e-11      653.427
       697.90000  1.30659e-11      653.819
       698.00000  1.30659e-11      654.080
       698.10000  1.30659e-11      654.341
       698.20000  1.30659e-11      654.603
       698.30000  1.30659e-11      654.733
       698.40000  1.30659e-11      654.864
       698.50000  5.38379e-12      269.889
       698.60000  5.38379e-12      269.889
       698.70000  5.38379e-12      269.836
       698.80000  5.37460e-12      269.321
       698.90000  5.37460e-12      269.268
       699.00000  5.37460e-12      269.160
       699.10000  5.37460e-12      268.676
       699.20000  5.37460e-12      268.139
       699.30000  5.37460e-12      267.709
       699.40000  5.37460e-12      267.225
       699.50000  4.13097e-12      205.062
       699.60000  4.13097e-12      204.731
       699.70000  4.13097e-12      204.442
       699.80000  4.13097e-12      204.153
       699.90000  4.13097e-12      203.864
       700.00000  4.13097e-12      203.616
       700.10000  4.13097e-12      203.368
       700.20000  4.13097e-12      203.120
       700.30000  4.13097e-12      202.913
       700.40000  4.13097e-12      202.707
       700.50000  6.54330e-13      32.0752
       700.60000  6.54330e-13      32.0491
       700.70000  6.54330e-13      32.0229
       700.80000  6.54330e-13      32.0033
       700.90000  6.54330e-13      31.9836
       701.00000  6.54330e-13      31.9640
       701.10000  6.54330e-13      31.9575
       701.20000  6.54330e-13      31.9509
       701.30000  6.53883e-13      31.9226
       701.40000  6.53883e-13      31.9226
       701.50000  8.67674e-12      423.598
       701.60000  8.67674e-12      423.598
       701.70000  8.67674e-12      423.598
       701.80000  8.67674e-12      423.685
       701.90000  8.67674e-12      423.685
       702.00000  8.67674e-12      423.772
       702.10000  8.67674e-12      423.945
       702.20000  8.67674e-12      424.032
       702.30000  8.67674e-12      424.206
       702.40000  8.67674e-12      424.292
       702.50000  9.40526e-12      460.105
       702.60000  9.40526e-12      460.388
       702.70000  9.40526e-12      460.576
       702.80000  9.40526e-12      460.858
       702.90000  9.40526e-12      461.140
       703.00000  9.40526e-12      461.422
       703.10000  9.40526e-12      462.269
       703.20000  9.40526e-12      463.115
       703.30000  9.40526e-12      463.868
       703.40000  9.40526e-12      464.620
       703.50000  7.89620e-12      390.625
       703.60000  7.89620e-12      391.257
       703.70000  7.89620e-12      391.731
       703.80000  7.87495e-12      391.228
       703.90000  7.87495e-12      391.700
       704.00000  7.87495e-12      392.094
       704.10000  7.87495e-12      392.566
       704.20000  7.87495e-12      392.960
       704.30000  7.87495e-12      393.275
       704.40000  7.87495e-12      393.590
       704.50000  7.65712e-13      38.3009
       704.60000  7.65712e-13      38.3316
       704.70000  7.65712e-13      38.3545
       704.80000  7.65712e-13      38.3699
       704.90000  7.65712e-13      38.3928
       705.00000  7.65712e-13      38.4081
       705.10000  7.65712e-13      38.4158
       705.20000  7.65712e-13      38.4235
       705.30000  7.65712e-13      38.4311
       705.40000  7.65712e-13      38.4388
       705.50000  5.63745e-12      283.000
       705.60000  5.63745e-12      283.000
       705.70000  5.63745e-12      282.944
       705.80000  5.63745e-12      282.887
       705.90000  5.63745e-12      282.831
       706.00000  5.63745e-12      282.718
       706.10000  5.63745e-12      282.605
       706.20000  5.63745e-12      282.436
       706.30000  5.64169e-12      282.479
       706.40000  5.64169e-12      282.310
       706.50000  1.45393e-11      726.963
       706.60000  1.45393e-11      726.381
       706.70000  1.45393e-11      725.800
       706.80000  1.45393e-11      725.073
       706.90000  1.45393e-11      724.346
       707.00000  1.45393e-11      723.619
       707.10000  1.45393e-11      723.037
       707.20000  1.45393e-11      722.601
       707.30000  1.45393e-11      722.020
       707.40000  1.45393e-11      721.583
       707.50000  1.80345e-12      89.4509
       707.60000  1.80345e-12      89.3968
       707.70000  1.80345e-12      89.3608
       707.80000  1.80345e-12      89.3066
       707.90000  1.80345e-12      89.2706
       708.00000  1.80345e-12      89.2345
       708.10000  1.80345e-12      89.1984
       708.20000  1.80345e-12      89.1624
       708.30000  1.80345e-12      89.1263
       708.40000  1.80345e-12      89.0902
       708.50000  3.03513e-12      149.905
       708.60000  3.03513e-12      149.845
       708.70000  3.03513e-12      149.814
       708.80000  3.02480e-12      149.274
       708.90000  3.02480e-12      149.244
       709.00000  3.02480e-12      149.244
       709.10000  3.02480e-12      149.304
       709.20000  3.02480e-12      149.365
       709.30000  3.02480e-12      149.395
       709.40000  3.02480e-12      149.455
       709.50000  1.77340e-12      87.6414
       709.60000  1.77340e-12      87.6769
       709.70000  1.77340e-12      87.6946
       709.80000  1.77340e-12      87.7124
       709.90000  1.77340e-12      87.7301
       710.00000  1.77340e-12      87.7478
       710.10000  1.77340e-12      87.7656
       710.20000  1.77340e-12      87.7833
       710.30000  1.77340e-12      87.7833
       710.40000  1.77340e-12      87.8010
       710.50000  7.45402e-12      369.049
       710.60000  7.45402e-12      369.049
       710.70000  7.45402e-12      369.049
       710.80000  7.45402e-12      369.049
       710.90000  7.45402e-12      369.049
       711.00000  7.45402e-12      369.049
       711.10000  7.45402e-12      369.049
       711.20000  7.45402e-12      368.974
       711.30000  7.45563e-12      369.054
       711.40000  7.45563e-12      368.979
       711.50000  4.04652e-12      200.222
       711.60000  4.04652e-12      200.182
       711.70000  4.04652e-12      200.141
       711.80000  4.04652e-12      200.101
       711.90000  4.04652e-12      200.060
       712.00000  4.04652e-12      199.979
       712.10000  4.04652e-12      199.939
       712.20000  4.04652e-12      199.858
       712.30000  4.04652e-12      199.817
       712.40000  4.04652e-12      199.736
       712.50000  1.18069e-11      582.552
       712.60000  1.18069e-11      582.315
       712.70000  1.18069e-11      581.961
       712.80000  1.18069e-11      581.725
       712.90000  1.18069e-11      581.489
       713.00000  1.18069e-11      581.135
       713.10000  1.18069e-11      581.135
       713.20000  1.18069e-11      581.135
       713.30000  1.18069e-11      581.135
       713.40000  1.18069e-11      581.017
       713.50000  1.34141e-11      660.109
       713.60000  1.34141e-11      660.109
       713.70000  1.34141e-11      659.975
       713.80000  1.34110e-11      659.820
       713.90000  1.34110e-11      659.686
       714.00000  1.34110e-11      659.686
       714.10000  1.34110e-11      659.552
       714.20000  1.34110e-11      659.418
       714.30000  1.34110e-11      659.418
       714.40000  1.34110e-11      659.284
       714.50000  1.98848e-12      97.7336
       714.60000  1.98848e-12      97.7137
       714.70000  1.98848e-12      97.7137
       714.80000  1.98848e-12      97.6938
       714.90000  1.98848e-12      97.6739
       715.00000  1.98848e-12      97.6540
       715.10000  1.98848e-12      97.6341
       715.20000  1.98848e-12      97.6341
       715.30000  1.98848e-12      97.6341
       715.40000  1.98848e-12      97.6143
       715.50000  8.71535e-12      427.750
       715.60000  8.71535e-12      427.662
       715.70000  8.71535e-12      427.575
       715.80000  8.71535e-12      427.488
       715.90000  8.71535e-12      427.401
       716.00000  8.71535e-12      427.227
       716.10000  8.71535e-12      427.139
       716.20000  8.71535e-12      426.965
       716.30000  8.70279e-12      426.176
       716.40000  8.70279e-12      426.001
       716.50000  8.27382e-12      404.838
       716.60000  8.27382e-12      404.673
       716.70000  8.27382e-12      404.507
       716.80000  8.27382e-12      404.259
       716.90000  8.27382e-12      404.093
       717.00000  8.27382e-12      403.845
       717.10000  8.27382e-12      403.597
       717.20000  8.27382e-12      403.349
       717.30000  8.27382e-12      403.101
       717.40000  8.27382e-12      402.852
       717.50000  5.26846e-12      256.363
       717.60000  5.26846e-12      256.152
       717.70000  5.26846e-12      255.994
       717.80000  5.26846e-12      255.784
       717.90000  5.26846e-12      255.573
       718.00000  5.26846e-12      255.362
       718.10000  5.26846e-12      255.151
       718.20000  5.26846e-12      254.941
       718.30000  5.26846e-12      254.730
       718.40000  5.26846e-12      254.467
       718.50000  5.50324e-12      265.586
       718.60000  5.50324e-12      265.311
       718.70000  5.50324e-12      265.036
       718.80000  5.48063e-12      263.673
       718.90000  5.48063e-12      263.399
       719.00000  5.48063e-12      263.125
       719.10000  5.48063e-12      263.125
       719.20000  5.48063e-12      263.125
       719.30000  5.48063e-12      263.125
       719.40000  5.48063e-12      263.180
       719.50000  4.18789e-12      201.103
       719.60000  4.18789e-12      201.145
       719.70000  4.18789e-12      201.145
       719.80000  4.18789e-12      201.186
       719.90000  4.18789e-12      201.228
       720.00000  4.18789e-12      201.312
       720.10000  4.18789e-12      201.354
       720.20000  4.18789e-12      201.396
       720.30000  4.18789e-12      201.480
       720.40000  4.18789e-12      201.521
       720.50000  1.22192e-11      588.234
       720.60000  1.22192e-11      588.478
       720.70000  1.22192e-11      588.722
       720.80000  1.22192e-11      588.967
       720.90000  1.22192e-11      589.333
       721.00000  1.22192e-11      589.578
       721.10000  1.22192e-11      590.189
       721.20000  1.22192e-11      590.800
       721.30000  1.21944e-11      590.207
       721.40000  1.21944e-11      590.695
       721.50000  5.84789e-12      283.564
       721.60000  5.84789e-12      283.798
       721.70000  5.84789e-12      284.032
       721.80000  5.84789e-12      284.324
       721.90000  5.84789e-12      284.558
       722.00000  5.84789e-12      284.734
       722.10000  5.84789e-12      284.967
       722.20000  5.84789e-12      285.201
       722.30000  5.84789e-12      285.377
       722.40000  5.84789e-12      285.552
       722.50000  4.92739e-12      240.753
       722.60000  4.92739e-12      240.950
       722.70000  4.92739e-12      241.048
       722.80000  4.92739e-12      241.196
       722.90000  4.92739e-12      241.344
       723.00000  4.92739e-12      241.442
       723.10000  4.92739e-12      241.590
       723.20000  4.92739e-12      241.689
       723.30000  4.92739e-12      241.787
       723.40000  4.92739e-12      241.886
       723.50000  2.45136e-12      120.386
       723.60000  2.45136e-12      120.411
       723.70000  2.45136e-12      120.460
       723.80000  2.44384e-12      120.115
       723.90000  2.44384e-12      120.139
       724.00000  2.44384e-12      120.164
       724.10000  2.44384e-12      120.188
       724.20000  2.44384e-12      120.212
       724.30000  2.44384e-12      120.237
       724.40000  2.44384e-12      120.261
       724.50000  1.02378e-11      503.804
       724.60000  1.02378e-11      503.804
       724.70000  1.02378e-11      503.804
       724.80000  1.02378e-11      503.804
       724.90000  1.02378e-11      503.804
       725.00000  1.02378e-11      503.804
       725.10000  1.02378e-11      504.009
       725.20000  1.02378e-11      504.214
       725.30000  1.02378e-11      504.316
       725.40000  1.02378e-11      504.521
       725.50000  4.07438e-12      200.826
       725.60000  4.07438e-12      200.867
       725.70000  4.07438e-12      200.867
       725.80000  4.07438e-12      200.908
       725.90000  4.07438e-12      200.908
       726.00000  4.07438e-12      200.908
       726.10000  4.07438e-12      200.908
       726.20000  4.07438e-12      200.908
       726.30000  4.06378e-12      200.344
       726.40000  4.06378e-12      200.304
       726.50000  7.78303e-12      383.548
       726.60000  7.78303e-12      383.470
       726.70000  7.78303e-12      383.392
       726.80000  7.78303e-12      383.236
       726.90000  7.78303e-12      383.081
       727.00000  7.78303e-12      382.925
       727.10000  7.78303e-12      382.380
       727.20000  7.78303e-12      381.835
       727.30000  7.78303e-12      381.291
       727.40000  7.78303e-12      380.824
       727.50000  8.40340e-12      410.674
       727.60000  8.40340e-12      410.170
       727.70000  8.40340e-12      409.750
       727.80000  8.40340e-12      409.330
       727.90000  8.40340e-12      408.910
       728.00000  8.40340e-12      408.574
       728.10000  8.40340e-12      408.237
       728.20000  8.40340e-12      407.901
       728.30000  8.40340e-12      407.565
       728.40000  8.40340e-12      407.313
       728.50000  8.08013e-12      391.402
       728.60000  8.08013e-12      391.240
       728.70000  8.08013e-12      390.998
       728.80000  8.08184e-12      390.999
       728.90000  8.08184e-12      390.838
       729.00000  8.08184e-12      390.757
       729.10000  8.08184e-12      390.676
       729.20000  8.08184e-12      390.595
       729.30000  8.08184e-12      390.595
       729.40000  8.08184e-12      390.514
       729.50000  2.17423e-12      105.080
       729.60000  2.17423e-12      105.080
       729.70000  2.17423e-12      105.102
       729.80000  2.17423e-12      105.124
       729.90000  2.17423e-12      105.167
       730.00000  2.17423e-12      105.211
       730.10000  2.17423e-12      105.254
       730.20000  2.17423e-12      105.298
       730.30000  2.17423e-12      105.363
       730.40000  2.17423e-12      105.428
       730.50000  4.87712e-12      236.638
       730.60000  4.87712e-12      236.833
       730.70000  4.87712e-12      237.028
       730.80000  4.87712e-12      237.223
       730.90000  4.87712e-12      237.467
       731.00000  4.87712e-12      237.711
       731.10000  4.87712e-12      237.662
       731.20000  4.87712e-12      237.613
       731.30000  4.87353e-12      237.390
       731.40000  4.87353e-12      237.390
       731.50000  2.87952e-12      140.233
       731.60000  2.87952e-12      140.204
       731.70000  2.87952e-12      140.175
       731.80000  2.87952e-12      140.175
       731.90000  2.87952e-12      140.146
       732.00000  2.87952e-12      140.117
       732.10000  2.87952e-12      140.089
       732.20000  2.87952e-12      140.060
       732.30000  2.87952e-12      140.060
       732.40000  2.87952e-12      140.031
       732.50000  8.24251e-12      400.751
       732.60000  8.24251e-12      400.668
       732.70000  8.24251e-12      400.586
       732.80000  8.24251e-12      400.504
       732.90000  8.24251e-12      400.421
       733.00000  8.24251e-12      400.339
       733.10000  8.24251e-12      400.256
       733.20000  8.24251e-12      400.092
       733.30000  8.24251e-12      400.009
       733.40000  8.24251e-12      399.844
       733.50000  4.84543e-12      235.003
       733.60000  4.84543e-12      234.955
       733.70000  4.84543e-12      234.858
       733.80000  4.83742e-12      234.422
       733.90000  4.83742e-12      234.373
       734.00000  4.83742e-12      234.325
       734.10000  4.83742e-12      234.276
       734.20000  4.83742e-12      234.228
       734.30000  4.83742e-12      234.180
       734.40000  4.83742e-12      234.180
       734.50000  8.60575e-13      41.6519
       734.60000  8.60575e-13      41.6432
       734.70000  8.60575e-13      41.6432
       734.80000  8.60575e-13      41.6346
       734.90000  8.60575e-13      41.6346
       735.00000  8.60575e-13      41.6260
       735.10000  8.60575e-13      41.6260
       735.20000  8.60575e-13      41.6260
       735.30000  8.60575e-13      41.6260
       735.40000  8.60575e-13      41.6174
       735.50000  1.20773e-12      58.4060
       735.60000  1.20773e-12      58.4060
       735.70000  1.20773e-12      58.4060
       735.80000  1.20773e-12      58.4180
       735.90000  1.20773e-12      58.4180
       736.00000  1.20773e-12      58.4180
       736.10000  1.20773e-12      58.4180
       736.20000  1.20773e-12      58.4301
       736.30000  1.20543e-12      58.3185
       736.40000  1.20543e-12      58.3306
       736.50000  3.97612e-12      192.405
       736.60000  3.97612e-12      192.444
       736.70000  3.97612e-12      192.484
       736.80000  3.97612e-12      192.484
       736.90000  3.97612e-12      192.524
       737.00000  3.97612e-12      192.564
       737.10000  3.97612e-12      192.365
       737.20000  3.97612e-12      192.126
       737.30000  3.97612e-12      191.927
       737.40000  3.97612e-12      191.729
       737.50000  5.83483e-12      281.005
       737.60000  5.83483e-12      280.714
       737.70000  5.83483e-12      280.422
       737.80000  5.83483e-12      280.130
       737.90000  5.83483e-12      279.897
       738.00000  5.83483e-12      279.605
       738.10000  5.83483e-12      279.313
       738.20000  5.83483e-12      279.021
       738.30000  5.83483e-12      278.788
       738.40000  5.83483e-12      278.555
       738.50000  5.56739e-12      265.509
       738.60000  5.56739e-12      265.286
       738.70000  5.56739e-12      265.063
       738.80000  5.54400e-12      263.728
       738.90000  5.54400e-12      263.506
       739.00000  5.54400e-12      263.285
       741.00000  2.36002e-12      110.614
       741.10000  2.36002e-12      110.662
       741.20000  2.36002e-12      110.709
       741.30000  2.35842e-12      110.681
       741.40000  2.35842e-12      110.751
       741.50000  1.41763e-12      66.6147
       741.60000  1.41763e-12      66.6714
       741.70000  1.41763e-12      66.7423
       741.80000  1.41763e-12      66.7990
       741.90000  1.41763e-12      66.8840
       742.00000  1.41763e-12      66.9549
       742.10000  1.41763e-12      67.0400
       742.20000  1.41763e-12      67.1392
       742.30000  1.41763e-12      67.2384
       742.40000  1.41763e-12      67.3377
       742.50000  8.37730e-12      398.592
       742.60000  8.37730e-12      399.262
       742.70000  8.37730e-12      400.016
       742.80000  8.37730e-12      400.770
       742.90000  8.37730e-12      401.608
       743.00000  8.37730e-12      402.446
       743.10000  8.37730e-12      402.278
       743.20000  8.37730e-12      402.194
       743.30000  8.37730e-12      402.110
       743.40000  8.37730e-12      401.943
       743.50000  1.70587e-12      81.8306
       743.60000  1.70587e-12      81.8136
       743.70000  1.70587e-12      81.7965
       743.80000  1.70511e-12      81.7429
       743.90000  1.70511e-12      81.7259
       744.00000  1.70511e-12      81.7088
       744.10000  1.70511e-12      81.7088
       744.20000  1.70511e-12      81.6918
       744.30000  1.70511e-12      81.6918
       744.40000  1.70511e-12      81.6918
       744.50000  2.34869e-12      112.502
       744.60000  2.34869e-12      112.502
       744.70000  2.34869e-12      112.502
       744.80000  2.34869e-12      112.502
       744.90000  2.34869e-12      112.526
       745.00000  2.34869e-12      112.526
       745.10000  2.34869e-12      112.596
       745.20000  2.34869e-12      112.667
       745.30000  2.34869e-12      112.714
       745.40000  2.34869e-12      112.784
       745.50000  4.55120e-12      218.640
       745.60000  4.55120e-12      218.731
       745.70000  4.55120e-12      218.822
       745.80000  4.55120e-12      218.913
       745.90000  4.55120e-12      218.958
       746.00000  4.55120e-12      219.049
       746.10000  4.55120e-12      219.095
       746.20000  4.55120e-12      219.140
       746.30000  4.53044e-12      218.186
       746.40000  4.53044e-12      218.231
       746.50000  1.21638e-11      586.053
       746.60000  1.21638e-11      586.053
       746.70000  1.21638e-11      586.174
       746.80000  1.21638e-11      586.174
       746.90000  1.21638e-11      586.174
       747.00000  1.21638e-11      586.174
       747.10000  1.21638e-11      585.809
       747.20000  1.21638e-11      585.566
       747.30000  1.21638e-11      585.323
       747.40000  1.21638e-11      585.079
       747.50000  2.28421e-12      109.825
       747.60000  2.28421e-12      109.779
       747.70000  2.28421e-12      109.734
       747.80000  2.28421e-12      109.688
       747.90000  2.28421e-12      109.642
       748.00000  2.28421e-12      109.597
       750.00000  4.29697e-12      205.051
       750.10000  4.29697e-12      205.008
       750.20000  4.29697e-12      204.965
       750.30000  4.29697e-12      204.922
       750.40000  4.29697e-12      204.922
       750.50000  1.39012e-11      662.810
       750.60000  1.39012e-11      662.671
       750.70000  1.39012e-11      662.671
       750.80000  1.39012e-11      662.532
       750.90000  1.39012e-11      662.532
       751.00000  1.39012e-11      662.393
       751.10000  1.39012e-11      662.393
       751.20000  1.39012e-11      662.393
       751.30000  1.38701e-11      660.772
       751.40000  1.38701e-11      660.772
       751.50000  3.19339e-12      152.133
       751.60000  3.19339e-12      152.133
       751.70000  3.19339e-12      152.133
       751.80000  3.19339e-12      152.133
       751.90000  3.19339e-12      152.133
       752.00000  3.19339e-12      152.133
       752.10000  3.19339e-12      152.133
       752.20000  3.19339e-12      152.133
       752.30000  3.19339e-12      152.133
       752.40000  3.19339e-12      152.133
       752.50000  3.65575e-12      174.197
       752.60000  3.65575e-12      174.197
       752.70000  3.65575e-12      174.197
       752.80000  3.65575e-12      174.233
       752.90000  3.65575e-12      174.233
       753.00000  3.65575e-12      174.270
       755.00000  1.12887e-11      537.793
       755.10000  1.12887e-11      537.680
       755.20000  1.12887e-11      537.680
       755.30000  1.12887e-11      537.567
       755.40000  1.12887e-11      537.567
       755.50000  1.16541e-11      554.854
       755.60000  1.16541e-11      554.737
       755.70000  1.16541e-11      554.737
       755.80000  1.16541e-11      554.621
       755.90000  1.16541e-11      554.504
       756.00000  1.16541e-11      554.504
       756.10000  1.16541e-11      554.388
       756.20000  1.16541e-11      554.271
       756.30000  1.16356e-11      553.272
       756.40000  1.16356e-11      553.272
       756.50000  3.02293e-12      143.710
       756.60000  3.02293e-12      143.680
       756.70000  3.02293e-12      143.650
       756.80000  3.02293e-12      143.650
       756.90000  3.02293e-12      143.619
       757.00000  3.02293e-12      143.589
       757.10000  3.02293e-12      143.559
       757.20000  3.02293e-12      143.529
       757.30000  3.02293e-12      143.529
       757.40000  3.02293e-12      143.499
       757.50000  2.88455e-13      13.6901
       757.60000  2.88455e-13      13.6872
       757.70000  2.88455e-13      13.6843
       757.80000  2.88455e-13      13.6814
       757.90000  2.88455e-13      13.6785
       758.00000  2.88455e-13      13.6785
       758.10000  2.88455e-13      13.6756
       758.20000  2.88455e-13      13.6727
       758.30000  2.88455e-13      13.6699
       758.40000  2.88455e-13      13.6670
       758.50000  1.09686e-11      519.584
       758.60000  1.09686e-11      519.474
       758.70000  1.09686e-11      519.365
       758.80000  1.09390e-11      517.854
       758.90000  1.09390e-11      517.745
       759.00000  1.09390e-11      517.635
       759.10000  1.09390e-11      517.635
       759.20000  1.09390e-11      517.526
       759.30000  1.09390e-11      517.526
       759.40000  1.09390e-11      517.416
       759.50000  3.50513e-12      165.793
       759.60000  3.50513e-12      165.793
       759.70000  3.50513e-12      165.758
       759.80000  3.50513e-12      165.758
       759.90000  3.50513e-12      165.758
       760.00000  3.50513e-12      165.758
       760.10000  3.50513e-12      165.758
       760.20000  3.50513e-12      165.758
       760.30000  3.50513e-12      165.793
       760.40000  3.50513e-12      165.793
       760.50000  1.11072e-12      52.5372
       760.60000  1.11072e-12      52.5483
       760.70000  1.11072e-12      52.5483
       760.80000  1.11072e-12      52.5594
       760.90000  1.11072e-12      52.5594
       761.00000  1.11072e-12      52.5705
       763.00000  3.90463e-12      185.900
       763.10000  3.90463e-12      185.861
       763.20000  3.90463e-12      185.822
       763.30000  3.90463e-12      185.743
       763.40000  3.90463e-12      185.665
       763.50000  7.76252e-12      368.952
       763.60000  7.76252e-12      368.797
       763.70000  7.76252e-12      368.642
       763.80000  7.74265e-12      367.466
       763.90000  7.74265e-12      367.234
       764.00000  7.74265e-12      367.001
       764.10000  7.74265e-12      366.769
       764.20000  7.74265e-12      366.459
       764.30000  7.74265e-12      366.150
       764.40000  7.74265e-12      365.840
       764.50000  4.03692e-12      190.583
       764.60000  4.03692e-12      190.421
       764.70000  4.03692e-12      190.220
       764.80000  4.03692e-12      190.018
       764.90000  4.03692e-12      189.816
       765.00000  4.03692e-12      189.574
       765.10000  4.03692e-12      189.130
       765.20000  4.03692e-12      188.686
       765.30000  4.03692e-12      188.282
       765.40000  4.03692e-12      187.878
       765.50000  1.14146e-12      53.0206
       765.60000  1.14146e-12      52.9293
       765.70000  1.14146e-12      52.8265
       765.80000  1.14146e-12      52.7466
       765.90000  1.14146e-12      52.6667
       766.00000  1.14146e-12      52.5868
       766.10000  1.14146e-12      52.5183
       766.20000  1.14146e-12      52.4499
       766.30000  1.14142e-12      52.3914
       766.40000  1.14142e-12      52.3457
       766.50000  8.14839e-12      373.359
       766.60000  8.14839e-12      373.033
       766.70000  8.14839e-12      372.870
       766.80000  8.14839e-12      372.626
       766.90000  8.14839e-12      372.463
       767.00000  8.14839e-12      372.382
       767.10000  8.14839e-12      372.789
       767.20000  8.14839e-12      373.278
       767.30000  8.14839e-12      373.685
       767.40000  8.14839e-12      374.093
       767.50000  6.55056e-12      301.064
       767.60000  6.55056e-12      301.391
       767.70000  6.55056e-12      301.719
       767.80000  6.55056e-12      301.981
       767.90000  6.55056e-12      302.308
       768.00000  6.55056e-12      302.570
       768.10000  6.55056e-12      302.832
       768.20000  6.55056e-12      303.094
       768.30000  6.55056e-12      303.291
       768.40000  6.55056e-12      303.553
       768.50000  1.07810e-11      499.913
       768.60000  1.07810e-11      500.236
       768.70000  1.07810e-11      500.560
       768.80000  1.07752e-11      500.617
       768.90000  1.07752e-11      500.940
       769.00000  1.07752e-11      501.156
       769.10000  1.07752e-11      501.479
       769.20000  1.07752e-11      501.695
       769.30000  1.07752e-11      501.910
       769.40000  1.07752e-11      502.126
       769.50000  4.49708e-12      209.609
       769.60000  4.49708e-12      209.699
       769.70000  4.49708e-12      209.744
       769.80000  4.49708e-12      209.834
       769.90000  4.49708e-12      209.878
       770.00000  4.49708e-12      209.878
       770.10000  4.49708e-12      209.923
       770.20000  4.49708e-12      209.968
       770.30000  4.49708e-12      209.968
       770.40000  4.49708e-12      209.968
       770.50000  5.24257e-12      244.775
       770.60000  5.24257e-12      244.775
       770.70000  5.24257e-12      244.775
       770.80000  5.24257e-12      244.775
       770.90000  5.24257e-12      244.723
       771.00000  5.24257e-12      244.671
       771.10000  5.24257e-12      244.880
       771.20000  5.24257e-12      245.038
       771.30000  5.22652e-12      244.444
       771.40000  5.22652e-12      244.601
       771.50000  1.45805e-11      682.804
       771.60000  1.45805e-11      683.096
       771.70000  1.45805e-11      683.533
       771.80000  1.45805e-11      683.825
       771.90000  1.45805e-11      683.970
       772.00000  1.45805e-11      684.262
       772.10000  1.45805e-11      684.408
       772.20000  1.45805e-11      684.554
       772.30000  1.45805e-11      684.699
       772.40000  1.45805e-11      684.845
       772.50000  6.37365e-12      299.370
       772.60000  6.37365e-12      299.370
       772.70000  6.37365e-12      299.370
       772.80000  6.37365e-12      299.306
       772.90000  6.37365e-12      299.306
       773.00000  6.37365e-12      299.243
       773.10000  6.37365e-12      298.860
       773.20000  6.37365e-12      298.542
       773.30000  6.37365e-12      298.159
       773.40000  6.37365e-12      297.840
       773.50000  9.20720e-12      429.792
       773.60000  9.20720e-12      429.424
       773.70000  9.20720e-12      429.056
       773.80000  9.17077e-12      426.991
       773.90000  9.17077e-12      426.624
       774.00000  9.17077e-12      426.258
       774.10000  9.17077e-12      425.982
       774.20000  9.17077e-12      425.707
       774.30000  9.17077e-12      425.524
       774.40000  9.17077e-12      425.249
       774.50000  1.57136e-12      72.8323
       774.60000  1.57136e-12      72.8166
       774.70000  1.57136e-12      72.7852
       774.80000  1.57136e-12      72.7695
       774.90000  1.57136e-12      72.7538
       775.00000  1.57136e-12      72.7380
       775.10000  1.57136e-12      72.7380
       775.20000  1.57136e-12      72.7380
       775.30000  1.57136e-12      72.7380
       775.40000  1.57136e-12      72.7380
       775.50000  8.86377e-12      410.393
       775.60000  8.86377e-12      410.481
       775.70000  8.86377e-12      410.570
       775.80000  8.86377e-12      410.659
       775.90000  8.86377e-12      410.836
       776.00000  8.86377e-12      411.013
       776.10000  8.86377e-12      411.190
       776.20000  8.86377e-12      411.456
       776.30000  8.84130e-12      410.678
       776.40000  8.84130e-12      410.944
       776.50000  1.43947e-11      669.499
       776.60000  1.43947e-11      670.075
       776.70000  1.43947e-11      670.651
       776.80000  1.43947e-11      671.226
       776.90000  1.43947e-11      671.946
       777.00000  1.43947e-11      672.522
       777.10000  1.43947e-11      672.234
       777.20000  1.43947e-11      672.090
       777.30000  1.43947e-11      671.802
       777.40000  1.43947e-11      671.514
       777.50000  4.19930e-12      195.813
       777.60000  4.19930e-12      195.771
       777.70000  4.19930e-12      195.687
       777.80000  4.19930e-12      195.645
       777.90000  4.19930e-12      195.603
       778.00000  4.19930e-12      195.519
       778.10000  4.19930e-12      195.477
       778.20000  4.19930e-12      195.435
       778.30000  4.19930e-12      195.393
       778.40000  4.19930e-12      195.351
       778.50000  5.22457e-12      243.047
       778.60000  5.22457e-12      242.995
       778.70000  5.22457e-12      242.943
       778.80000  5.21134e-12      242.327
       778.90000  5.21134e-12      242.327
       779.00000  5.21134e-12      242.275
       779.10000  5.21134e-12      242.379
       779.20000  5.21134e-12      242.431
       779.30000  5.21134e-12      242.536
       779.40000  5.21134e-12      242.588
       779.50000  4.87680e-12      227.064
       779.60000  4.87680e-12      227.113
       779.70000  4.87680e-12      227.161
       779.80000  4.87680e-12      227.210
       779.90000  4.87680e-12      227.259
       780.00000  4.87680e-12      227.308
       780.10000  4.87680e-12      227.308
       780.20000  4.87680e-12      227.357
       780.30000  4.87680e-12      227.357
       780.40000  4.87680e-12      227.357
       780.50000  8.96828e-12      418.101
       780.60000  8.96828e-12      418.101
       780.70000  8.96828e-12      418.101
       780.80000  8.96828e-12      418.101
       780.90000  8.96828e-12      418.101
       781.00000  8.96828e-12      418.012
       781.10000  8.96828e-12      418.012
       781.20000  8.96828e-12      417.922
       781.30000  8.91842e-12      415.509
       781.40000  8.91842e-12      415.420
       781.50000  4.32452e-12      201.393
       781.60000  4.32452e-12      201.350
       781.70000  4.32452e-12      201.306
       781.80000  4.32452e-12      201.263
       781.90000  4.32452e-12      201.177
       782.00000  4.32452e-12      201.133
       782.10000  4.32452e-12      201.047
       782.20000  4.32452e-12      200.960
       782.30000  4.32452e-12      200.917
       782.40000  4.32452e-12      200.831
       782.50000  3.35225e-12      155.611
       782.60000  3.35225e-12      155.511
       782.70000  3.35225e-12      155.444
       782.80000  3.35225e-12      155.377
       782.90000  3.35225e-12      155.276
       783.00000  3.35225e-12      155.209
       783.10000  3.35225e-12      155.276
       783.20000  3.35225e-12      155.343
       783.30000  3.35225e-12      155.410
       783.40000  3.35225e-12      155.444
       783.50000  5.11464e-12      237.268
       783.60000  5.11464e-12      237.370
       783.70000  5.11464e-12      237.421
       783.80000  5.08857e-12      236.313
       783.90000  5.08857e-12      236.415
       784.00000  5.08857e-12      236.466
       784.10000  5.08857e-12      236.517
       784.20000  5.08857e-12      236.618
       784.30000  5.08857e-12      236.669
       784.40000  5.08857e-12      236.720
       784.50000  4.90316e-12      228.144
       784.60000  4.90316e-12      228.193
       784.70000  4.90316e-12      228.242
       784.80000  4.90316e-12      228.291
       784.90000  4.90316e-12      228.340
       785.00000  4.90316e-12      228.340
       785.10000  4.90316e-12      228.340
       785.20000  4.90316e-12      228.340
       785.30000  4.90316e-12      228.340
       785.40000  4.90316e-12      228.340
       785.50000  5.15773e-12      240.195
       785.60000  5.15773e-12      240.195
       785.70000  5.15773e-12      240.195
       785.80000  5.15773e-12      240.195
       785.90000  5.15773e-12      240.195
       786.00000  5.15773e-12      240.195
       786.10000  5.15773e-12      240.195
       786.20000  5.15773e-12      240.195
       786.30000  5.14908e-12      239.793
       786.40000  5.14908e-12      239.793
       786.50000  4.20598e-12      195.872
       786.60000  4.20598e-12      195.872
       786.70000  4.20598e-12      195.872
       786.80000  4.20598e-12      195.872
       786.90000  4.20598e-12      195.872
       787.00000  4.20598e-12      195.872
       787.10000  4.20598e-12      195.872
       787.20000  4.20598e-12      195.872
       787.30000  4.20598e-12      195.872
       787.40000  4.20598e-12      195.872
       787.50000  3.95651e-12      184.254
       787.60000  3.95651e-12      184.254
       787.70000  3.95651e-12      184.254
       787.80000  3.95651e-12      184.254
       787.90000  3.95651e-12      184.254
       788.00000  3.95651e-12      184.254
       788.10000  3.95651e-12      184.254
       788.20000  3.95651e-12      184.254
       788.30000  3.95651e-12      184.254
       788.40000  3.95651e-12      184.254
       788.50000  4.77131e-12      222.200
       788.60000  4.77131e-12      222.200
       788.70000  4.77131e-12      222.200
       788.80000  4.77215e-12      222.239
       788.90000  4.77215e-12      222.239
       789.00000  4.77215e-12      222.239
       789.10000  4.77215e-12      222.143
       789.20000  4.77215e-12      222.000
       789.30000  4.77215e-12      221.857
       789.40000  4.77215e-12      221.762
       789.50000  5.97598e-12      277.524
       789.60000  5.97598e-12      277.345
       789.70000  5.97598e-12      277.226
       789.80000  5.97598e-12      277.046
       789.90000  5.97598e-12      276.867
       790.00000  5.97598e-12      276.748
       790.10000  5.97598e-12      276.568
       790.20000  5.97598e-12      276.449
       790.30000  5.97598e-12      276.269
       790.40000  5.97598e-12      276.150
       790.50000  4.57917e-12      211.466
       790.60000  4.57917e-12      211.329
       790.70000  4.57917e-12      211.237
       790.80000  4.57917e-12      211.100
       790.90000  4.57917e-12      211.008
       791.00000  4.57917e-12      210.871
       791.10000  4.57917e-12      210.734
       791.20000  4.57917e-12      210.642
       791.30000  4.56583e-12      209.891
       791.40000  4.56583e-12      209.754
       791.50000  4.52991e-12      207.968
       791.60000  4.52991e-12      207.832
       791.70000  4.52991e-12      207.742
       791.80000  4.52991e-12      207.606
       791.90000  4.52991e-12      207.515
       792.00000  4.52991e-12      207.379
       792.10000  4.52991e-12      207.289
       792.20000  4.52991e-12      207.198
       792.30000  4.52991e-12      207.062
       792.40000  4.52991e-12      206.972
       792.50000  4.98960e-12      227.875
       792.60000  4.98960e-12      227.775
       792.70000  4.98960e-12      227.675
       792.80000  4.98960e-12      227.576
       792.90000  4.98960e-12      227.476
       793.00000  4.98960e-12      227.376
       793.10000  4.98960e-12      227.226
       793.20000  4.98960e-12      227.027
       793.30000  4.98960e-12      226.877
       793.40000  4.98960e-12      226.727
       793.50000  5.58987e-12      253.836
       793.60000  5.58987e-12      253.724
       793.70000  5.58987e-12      253.557
       793.80000  5.57392e-12      252.777
       793.90000  5.57392e-12      252.666
       794.00000  5.57392e-12      252.610
       794.10000  5.57392e-12      252.499
       794.20000  5.57392e-12      252.499
       794.30000  5.57392e-12      252.443
       794.40000  5.57392e-12      252.443
       794.50000  1.15058e-11      521.096
       794.60000  1.15058e-11      521.096
       794.70000  1.15058e-11      521.211
       794.80000  1.15058e-11      521.211
       794.90000  1.15058e-11      521.326
       795.00000  1.15058e-11      521.556
       795.10000  1.15058e-11      522.362
       795.20000  1.15058e-11      523.167
       795.30000  1.15058e-11      523.972
       795.40000  1.15058e-11      524.778
       795.50000  1.10918e-12      50.6562
       795.60000  1.10918e-12      50.7227
       795.70000  1.10918e-12      50.7782
       795.80000  1.10918e-12      50.8336
       795.90000  1.10918e-12      50.8891
       796.00000  1.10918e-12      50.9335
       796.10000  1.10918e-12      50.9778
       796.20000  1.10918e-12      51.0222
       796.30000  1.10770e-12      50.9875
       796.40000  1.10770e-12      51.0208
       796.50000  4.59360e-12      211.719
       796.60000  4.59360e-12      211.811
       796.70000  4.59360e-12      211.903
       796.80000  4.59360e-12      211.949
       796.90000  4.59360e-12      211.995
       797.00000  4.59360e-12      212.041
       797.10000  4.59360e-12      212.087
       797.20000  4.59360e-12      212.087
       797.30000  4.59360e-12      212.087
       797.40000  4.59360e-12      212.041
       797.50000  4.92960e-12      227.501
       797.60000  4.92960e-12      227.452
       797.70000  4.92960e-12      227.353
       797.80000  4.92960e-12      227.255
       797.90000  4.92960e-12      227.156
       798.00000  4.92960e-12      227.008
       798.10000  4.92960e-12      226.860
       798.20000  4.92960e-12      226.712
       798.30000  4.92960e-12      226.515
       798.40000  4.92960e-12      226.318
       798.50000  2.63478e-12      120.858
       798.60000  2.63478e-12      120.726
       798.70000  2.63478e-12      120.594
       798.80000  2.62876e-12      120.187
       798.90000  2.62876e-12      120.029
       799.00000  2.62876e-12      119.872
       799.10000  2.62876e-12      119.950
       799.20000  2.62876e-12      120.056
       799.30000  2.62876e-12      120.161
       799.40000  2.62876e-12      120.240
       799.50000  1.21073e-10      5541.52
       799.60000  1.21073e-10      5545.15
       799.70000  1.21073e-10      5548.78
       799.80000  1.21073e-10      5551.20
       799.90000  1.21073e-10      5553.62
       800.00000  1.21073e-10      5556.05
       800.10000  1.21073e-10      5558.47
       800.20000  1.21073e-10      5560.89
       800.30000  1.21073e-10      5563.31
       800.40000  1.21073e-10      5564.52
       800.50000  1.94631e-10      8947.18
       800.60000  1.94631e-10      8949.12
       800.70000  1.94631e-10      8949.12
       800.80000  1.94631e-10      8951.07
       800.90000  1.94631e-10      8951.07
       801.00000  1.94631e-10      8951.07
       801.10000  1.94631e-10      8947.18
       801.20000  1.94631e-10      8943.28
       801.30000  1.94059e-10      8913.15
       801.40000  1.94059e-10      8909.27
       801.50000  6.28559e-11      2884.46
       801.60000  6.28559e-11      2883.20
       801.70000  6.28559e-11      2881.94
       801.80000  6.28559e-11      2880.69
       801.90000  6.28559e-11      2879.43
       802.00000  6.28559e-11      2878.17
       802.10000  6.28559e-11      2876.92
       802.20000  6.28559e-11      2875.66
       802.30000  6.28559e-11      2874.40
       802.40000  6.28559e-11      2873.14
       802.50000  2.02570e-11      925.543
       802.60000  2.02570e-11      925.138
       802.70000  2.02570e-11      924.732
       802.80000  2.02570e-11      924.125
       802.90000  2.02570e-11      923.720
       803.00000  2.02570e-11      923.315
       803.10000  2.02570e-11      922.909
       803.20000  2.02570e-11      922.504
       803.30000  2.02570e-11      922.099
       803.40000  2.02570e-11      921.491
       803.50000  1.19704e-10      5442.93
       803.60000  1.19704e-10      5440.54
       803.70000  1.19704e-10      5438.15
       803.80000  1.19332e-10      5418.86
       803.90000  1.19332e-10      5415.28
       804.00000  1.19332e-10      5412.89
       804.10000  1.19332e-10      5410.51
       804.20000  1.19332e-10      5408.12
       804.30000  1.19332e-10      5404.54
       804.40000  1.19332e-10      5402.15
       804.50000  8.96036e-11      4054.56
       804.60000  8.96036e-11      4051.87
       804.70000  8.96036e-11      4050.08
       804.80000  8.96036e-11      4048.29
       804.90000  8.96036e-11      4045.60
       805.00000  8.96036e-11      4043.81
       805.10000  8.96036e-11      4047.39
       805.20000  8.96036e-11      4051.87
       805.30000  8.96036e-11      4054.56
       805.40000  8.96036e-11      4058.15
       805.50000  1.26869e-10      5749.69
       805.60000  1.26869e-10      5753.49
       805.70000  1.26869e-10      5757.30
       805.80000  1.26869e-10      5759.84
       805.90000  1.26869e-10      5762.37
       806.00000  1.26869e-10      5764.91
       806.10000  1.26869e-10      5766.18
       806.20000  1.26869e-10      5767.45
       806.30000  1.26621e-10      5757.44
       806.40000  1.26621e-10      5758.70
       806.50000  6.88684e-11      3132.13
       806.60000  6.88684e-11      3132.13
       806.70000  6.88684e-11      3131.45
       806.80000  6.88684e-11      3131.45
       806.90000  6.88684e-11      3130.76
       807.00000  6.88684e-11      3129.38
       807.10000  6.88684e-11      3123.87
       807.20000  6.88684e-11      3117.67
       807.30000  6.88684e-11      3112.16
       807.40000  6.88684e-11      3107.34
       807.50000  1.44791e-10      6522.83
       807.60000  1.44791e-10      6512.69
       807.70000  1.44791e-10      6504.00
       807.80000  1.44791e-10      6496.77
       807.90000  1.44791e-10      6489.53
       808.00000  1.44791e-10      6482.29
       808.10000  1.44791e-10      6476.49
       808.20000  1.44791e-10      6470.70
       808.30000  1.44791e-10      6464.91
       808.40000  1.44791e-10      6460.57
       808.50000  1.18572e-10      5288.32
       808.60000  1.18572e-10      5285.94
       808.70000  1.18572e-10      5283.57
       808.80000  1.18460e-10      5277.39
       808.90000  1.18460e-10      5276.21
       809.00000  1.18460e-10      5276.21
       809.10000  1.18460e-10      5276.21
       809.20000  1.18460e-10      5277.39
       809.30000  1.18460e-10      5278.58
       809.40000  1.18460e-10      5279.76
       809.50000  7.64364e-11      3408.30
       809.60000  7.64364e-11      3410.59
       809.70000  7.64364e-11      3412.89
       809.80000  7.64364e-11      3415.18
       809.90000  7.64364e-11      3418.24
       810.00000  7.64364e-11      3421.30
       810.10000  7.64364e-11      3425.12
       810.20000  7.64364e-11      3428.94
       810.30000  7.64364e-11      3432.76
       810.40000  7.64364e-11      3437.35
       810.50000  4.01062e-11      1806.38
       810.60000  4.01062e-11      1808.79
       810.70000  4.01062e-11      1812.00
       810.80000  4.01062e-11      1815.21
       810.90000  4.01062e-11      1818.42
       811.00000  4.01062e-11      1822.02
       811.10000  4.01062e-11      1822.43
       811.20000  4.01062e-11      1823.23
       811.30000  4.00798e-11      1822.43
       811.40000  4.00798e-11      1823.23
       811.50000  3.67515e-11      1672.19
       811.60000  3.67515e-11      1672.56
       811.70000  3.67515e-11      1672.93
       811.80000  3.67515e-11      1673.29
       811.90000  3.67515e-11      1673.66
       812.00000  3.67515e-11      1674.03
       812.10000  3.67515e-11      1674.03
       812.20000  3.67515e-11      1674.40
       812.30000  3.67515e-11      1674.76
       812.40000  3.67515e-11      1674.76
       812.50000  7.36898e-11      3358.05
       812.60000  7.36898e-11      3358.78
       812.70000  7.36898e-11      3358.78
       812.80000  7.36898e-11      3358.78
       812.90000  7.36898e-11      3358.78
       813.00000  7.36898e-11      3358.78
       813.10000  7.36898e-11      3357.31
       813.20000  7.36898e-11      3356.57
       813.30000  7.36898e-11      3355.10
       813.40000  7.36898e-11      3354.36
       813.50000  1.02609e-10      4668.70
       813.60000  1.02609e-10      4667.67
       813.70000  1.02609e-10      4666.65
       813.80000  1.02597e-10      4665.11
       813.90000  1.02597e-10      4664.08
       814.00000  1.02597e-10      4662.03
       814.10000  1.02597e-10      4661.00
       814.20000  1.02597e-10      4659.98
       814.30000  1.02597e-10      4658.95
       814.40000  1.02597e-10      4658.95
       814.50000  2.62411e-11      1191.34
       814.60000  2.62411e-11      1191.08
       814.70000  2.62411e-11      1190.82
       814.80000  2.62411e-11      1190.56
       814.90000  2.62411e-11      1190.56
       815.00000  2.62411e-11      1190.29
       815.10000  2.62411e-11      1191.34
       815.20000  2.62411e-11      1192.13
       815.30000  2.62411e-11      1192.92
       815.40000  2.62411e-11      1193.44
       815.50000  1.63519e-10      7441.74
       815.60000  1.63519e-10      7443.38
       815.70000  1.63519e-10      7446.65
       815.80000  1.63519e-10      7446.65
       815.90000  1.63519e-10      7448.28
       816.00000  1.63519e-10      7448.28
       816.10000  1.63519e-10      7448.28
       816.20000  1.63519e-10      7446.65
       816.30000  1.63514e-10      7444.80
       816.40000  1.63514e-10      7443.17
       816.50000  1.60911e-10      7321.46
       816.60000  1.60911e-10      7318.24
       816.70000  1.60911e-10      7313.41
       816.80000  1.60911e-10      7308.58
       816.90000  1.60911e-10      7303.76
       817.00000  1.60911e-10      7297.32
       817.10000  1.60911e-10      7274.79
       817.20000  1.60911e-10      7253.87
       817.30000  1.60911e-10      7234.56
       817.40000  1.60911e-10      7215.26
       817.50000  8.88147e-11      3972.68
       817.60000  8.88147e-11      3963.80
       817.70000  8.88147e-11      3954.92
       817.80000  8.88147e-11      3946.04
       817.90000  8.88147e-11      3938.93
       818.00000  8.88147e-11      3930.94
       818.10000  8.88147e-11      3924.72
       818.20000  8.88147e-11      3918.50
       818.30000  8.88147e-11      3912.29
       818.40000  8.88147e-11      3907.85
       818.50000  5.06225e-11      2224.35
       818.60000  5.06225e-11      2222.33
       818.70000  5.06225e-11      2220.30
       818.80000  5.06148e-11      2217.94
       818.90000  5.06148e-11      2216.93
       819.00000  5.06148e-11      2215.41
       819.10000  5.06148e-11      2214.91
       819.20000  5.06148e-11      2214.40
       819.30000  5.06148e-11      2213.89
       819.40000  5.06148e-11      2213.89
       819.50000  7.13854e-11      3123.11
       819.60000  7.13854e-11      3123.83
       819.70000  7.13854e-11      3125.25
       819.80000  7.13854e-11      3127.40
       819.90000  7.13854e-11      3129.54
       820.00000  7.13854e-11      3132.39
       820.10000  7.13854e-11      3135.25
       820.20000  7.13854e-11      3138.82
       820.30000  7.13854e-11      3143.10
       820.40000  7.13854e-11      3147.38
       820.50000  5.36292e-11      2368.26
       820.60000  5.36292e-11      2372.02
       820.70000  5.36292e-11      2376.31
       820.80000  5.36292e-11      2380.60
       820.90000  5.36292e-11      2385.43
       821.00000  5.36292e-11      2390.79
       821.10000  5.36292e-11      2389.72
       821.20000  5.36292e-11      2389.18
       821.30000  5.37829e-11      2394.95
       821.40000  5.37829e-11      2394.42
       821.50000  7.16731e-11      3189.45
       821.60000  7.16731e-11      3188.73
       821.70000  7.16731e-11      3188.02
       821.80000  7.16731e-11      3186.58
       821.90000  7.16731e-11      3185.87
       822.00000  7.16731e-11      3185.15
       822.10000  7.16731e-11      3185.15
       822.20000  7.16731e-11      3184.43
       822.30000  7.16731e-11      3183.72
       822.40000  7.16731e-11      3183.72
       822.50000  8.16967e-11      3628.15
       822.60000  8.16967e-11      3628.15
       822.70000  8.16967e-11      3627.33
       822.80000  8.16967e-11      3627.33
       822.90000  8.16967e-11      3627.33
       823.00000  8.16967e-11      3627.33
       823.10000  8.16967e-11      3627.33
       823.20000  8.16967e-11      3627.33
       823.30000  8.16967e-11      3627.33
       823.40000  8.16967e-11      3627.33
       823.50000  5.12811e-11      2277.39
       823.60000  5.12811e-11      2277.39
       823.70000  5.12811e-11      2277.90
       823.80000  5.14210e-11      2284.12
       823.90000  5.14210e-11      2284.63
       824.00000  5.14210e-11      2285.15
       824.10000  5.14210e-11      2285.66
       824.20000  5.14210e-11      2286.18
       824.30000  5.14210e-11      2286.69
       824.40000  5.14210e-11      2287.72
       824.50000  2.82940e-11      1259.08
       824.60000  2.82940e-11      1259.65
       824.70000  2.82940e-11      1259.93
       824.80000  2.82940e-11      1260.50
       824.90000  2.82940e-11      1261.06
       825.00000  2.82940e-11      1261.63
       825.10000  2.82940e-11      1262.20
       825.20000  2.82940e-11      1262.76
       825.30000  2.82940e-11      1263.61
       825.40000  2.82940e-11      1264.18
       825.50000  2.19120e-11      979.687
       825.60000  2.19120e-11      980.125
       825.70000  2.19120e-11      980.782
       825.80000  2.19120e-11      981.440
       825.90000  2.19120e-11      982.097
       826.00000  2.19120e-11      982.754
       826.10000  2.19120e-11      983.412
       826.20000  2.19120e-11      983.850
       826.30000  2.19266e-11      985.161
       826.40000  2.19266e-11      985.600
       826.50000  3.45409e-11      1552.96
       826.60000  3.45409e-11      1553.65
       826.70000  3.45409e-11      1554.34
       826.80000  3.45409e-11      1554.69
       826.90000  3.45409e-11      1555.03
       827.00000  3.45409e-11      1555.38
       827.10000  3.45409e-11      1555.38
       827.20000  3.45409e-11      1555.72
       827.30000  3.45409e-11      1555.72
       827.40000  3.45409e-11      1555.72
       827.50000  2.93211e-11      1320.62
       827.60000  2.93211e-11      1320.62
       827.70000  2.93211e-11      1320.33
       827.80000  2.93211e-11      1320.03
       827.90000  2.93211e-11      1319.74
       828.00000  2.93211e-11      1319.45
       828.10000  2.93211e-11      1318.57
       828.20000  2.93211e-11      1317.40
       828.30000  2.93211e-11      1316.22
       828.40000  2.93211e-11      1315.05
       828.50000  9.67237e-11      4335.16
       828.60000  9.67237e-11      4331.29
       828.70000  9.67237e-11      4328.39
       828.80000  9.66452e-11      4321.97
       828.90000  9.66452e-11      4318.11
       829.00000  9.66452e-11      4315.21
       829.10000  9.66452e-11      4312.31
       829.20000  9.66452e-11      4309.41
       829.30000  9.66452e-11      4306.51
       829.40000  9.66452e-11      4303.61
       829.50000  1.00937e-10      4491.71
       829.60000  1.00937e-10      4488.68
       829.70000  1.00937e-10      4485.65
       829.80000  1.00937e-10      4482.62
       829.90000  1.00937e-10      4480.60
       830.00000  1.00937e-10      4477.57
       830.10000  1.00937e-10      4475.56
       830.20000  1.00937e-10      4472.53
       830.30000  1.00937e-10      4470.51
       830.40000  1.00937e-10      4467.48
       830.50000  3.74205e-12      165.548
       830.60000  3.74205e-12      165.474
       830.70000  3.74205e-12      165.361
       830.80000  3.74205e-12      165.286
       830.90000  3.74205e-12      165.212
       831.00000  3.74205e-12      165.137
       831.10000  3.74205e-12      165.062
       831.20000  3.74205e-12      164.987
       831.30000  3.75220e-12      165.397
       831.40000  3.75220e-12      165.322
       831.50000  5.06035e-11      2228.58
       831.60000  5.06035e-11      2228.07
       831.70000  5.06035e-11      2227.06
       831.80000  5.06035e-11      2226.05
       831.90000  5.06035e-11      2225.54
       832.00000  5.06035e-11      2225.04
       832.10000  5.06035e-11      2223.01
       832.20000  5.06035e-11      2220.99
       832.30000  5.06035e-11      2219.47
       832.40000  5.06035e-11      2217.95
       832.50000  6.98042e-11      3057.42
       832.60000  6.98042e-11      3056.03
       832.70000  6.98042e-11      3054.63
       832.80000  6.98042e-11      3052.54
       832.90000  6.98042e-11      3051.84
       833.00000  6.98042e-11      3050.44
       833.10000  6.98042e-11      3049.05
       833.20000  6.98042e-11      3048.35
       833.30000  6.98042e-11      3047.65
       833.40000  6.98042e-11      3046.95
       833.50000  6.35756e-11      2775.08
       833.60000  6.35756e-11      2774.44
       833.70000  6.35756e-11      2774.44
       833.80000  6.36420e-11      2777.34
       833.90000  6.36420e-11      2777.97
       834.00000  6.36420e-11      2777.97
       834.10000  6.36420e-11      2781.16
       834.20000  6.36420e-11      2783.70
       834.30000  6.36420e-11      2786.88
       834.40000  6.36420e-11      2789.43
       834.50000  1.51563e-11      664.906
       834.60000  1.51563e-11      665.512
       834.70000  1.51563e-11      665.967
       834.80000  1.51563e-11      666.422
       834.90000  1.51563e-11      667.028
       835.00000  1.51563e-11      667.482
       835.10000  1.51563e-11      667.786
       835.20000  1.51563e-11      668.240
       835.30000  1.51563e-11      668.544
       835.40000  1.51563e-11      668.847
       835.50000  7.42808e-11      3279.50
       835.60000  7.42808e-11      3280.98
       835.70000  7.42808e-11      3281.72
       835.80000  7.42808e-11      3283.21
       835.90000  7.42808e-11      3283.95
       836.00000  7.42808e-11      3284.70
       836.10000  7.42808e-11      3283.21
       836.20000  7.42808e-11      3282.47
       836.30000  7.42471e-11      3279.50
       836.40000  7.42471e-11      3278.75
       836.50000  6.53439e-11      2884.93
       836.60000  6.53439e-11      2883.63
       836.70000  6.53439e-11      2882.97
       836.80000  6.53439e-11      2882.32
       836.90000  6.53439e-11      2881.01
       837.00000  6.53439e-11      2880.36
       837.10000  6.53439e-11      2879.71
       837.20000  6.53439e-11      2879.05
       837.30000  6.53439e-11      2878.40
       837.40000  6.53439e-11      2877.75
       837.50000  9.89241e-11      4355.63
       837.60000  9.89241e-11      4354.64
       837.70000  9.89241e-11      4353.65
       837.80000  9.89241e-11      4352.66
       837.90000  9.89241e-11      4352.66
       838.00000  9.89241e-11      4351.67
       838.10000  9.89241e-11      4350.68
       838.20000  9.89241e-11      4350.68
       838.30000  9.89241e-11      4350.68
       838.40000  9.89241e-11      4350.68
       838.50000  2.52044e-11      1108.24
       838.60000  2.52044e-11      1108.24
       838.70000  2.52044e-11      1108.24
       838.80000  2.51282e-11      1104.64
       838.90000  2.51282e-11      1104.64
       839.00000  2.51282e-11      1104.64
       839.10000  2.51282e-11      1104.38
       839.20000  2.51282e-11      1104.38
       839.30000  2.51282e-11      1104.38
       839.40000  2.51282e-11      1104.13
       839.50000  6.85224e-11      3010.88
       839.60000  6.85224e-11      3010.88
       839.70000  6.85224e-11      3010.19
       839.80000  6.85224e-11      3010.19
       839.90000  6.85224e-11      3010.19
       840.00000  6.85224e-11      3009.51
       840.10000  6.85224e-11      3009.51
       840.20000  6.85224e-11      3009.51
       840.30000  6.85224e-11      3008.82
       840.40000  6.85224e-11      3008.82
       840.50000  6.56458e-11      2882.51
       840.60000  6.56458e-11      2881.85
       840.70000  6.56458e-11      2881.85
       840.80000  6.56458e-11      2881.85
       840.90000  6.56458e-11      2881.19
       841.00000  6.56458e-11      2881.19
       841.10000  6.56458e-11      2881.19
       841.20000  6.56458e-11      2881.19
       841.30000  6.56423e-11      2880.38
       841.40000  6.56423e-11      2880.38
       841.50000  2.07284e-11      909.560
       841.60000  2.07284e-11      909.353
       841.70000  2.07284e-11      909.353
       841.80000  2.07284e-11      909.353
       841.90000  2.07284e-11      909.146
       842.00000  2.07284e-11      909.146
       842.10000  2.07284e-11      908.317
       842.20000  2.07284e-11      907.695
       842.30000  2.07284e-11      907.073
       842.40000  2.07284e-11      906.244
       842.50000  2.41642e-11      1055.74
       842.60000  2.41642e-11      1055.25
       842.70000  2.41642e-11      1054.53
       842.80000  2.41642e-11      1054.04
       842.90000  2.41642e-11      1053.32
       843.00000  2.41642e-11      1052.84
       843.10000  2.41642e-11      1052.35
       843.20000  2.41642e-11      1051.87
       843.30000  2.41642e-11      1051.63
       843.40000  2.41642e-11      1051.14
       843.50000  8.41345e-11      3659.01
       843.60000  8.41345e-11      3658.17
       843.70000  8.41345e-11      3657.33
       843.80000  8.42558e-11      3661.76
       843.90000  8.42558e-11      3661.76
       844.00000  8.42558e-11      3660.91
       844.10000  8.42558e-11      3663.44
       844.20000  8.42558e-11      3665.13
       844.30000  8.42558e-11      3666.81
       844.40000  8.42558e-11      3668.50
       844.50000  5.42455e-11      2362.93
       844.60000  5.42455e-11      2364.02
       844.70000  5.42455e-11      2364.56
       844.80000  5.42455e-11      2365.65
       844.90000  5.42455e-11      2366.19
       845.00000  5.42455e-11      2367.27
       845.10000  5.42455e-11      2367.82
       845.20000  5.42455e-11      2368.36
       845.30000  5.42455e-11      2369.44
       845.40000  5.42455e-11      2369.99
       845.50000  8.01928e-11      3503.62
       845.60000  8.01928e-11      3504.43
       845.70000  8.01928e-11      3505.23
       845.80000  8.01928e-11      3506.03
       845.90000  8.01928e-11      3506.03
       846.00000  8.01928e-11      3506.83
       846.10000  8.01928e-11      3506.83
       846.20000  8.01928e-11      3506.83
       846.30000  8.04039e-11      3516.06
       846.40000  8.04039e-11      3516.86
       846.50000  7.07959e-11      3096.61
       846.60000  7.07959e-11      3095.90
       846.70000  7.07959e-11      3095.90
       846.80000  7.07959e-11      3095.90
       846.90000  7.07959e-11      3095.20
       847.00000  7.07959e-11      3095.20
       847.10000  7.07959e-11      3094.49
       847.20000  7.07959e-11      3094.49
       847.30000  7.07959e-11      3093.78
       847.40000  7.07959e-11      3093.07
       847.50000  8.42096e-11      3678.28
       847.60000  8.42096e-11      3677.43
       847.70000  8.42096e-11      3676.59
       847.80000  8.42096e-11      3675.75
       847.90000  8.42096e-11      3674.07
       848.00000  8.42096e-11      3673.22
       848.10000  8.42096e-11      3655.54
       848.20000  8.42096e-11      3639.54
       848.30000  8.42096e-11      3623.54
       848.40000  8.42096e-11      3608.38
       848.50000  4.57154e-11      1951.13
       848.60000  4.57154e-11      1944.27
       848.70000  4.57154e-11      1937.42
       848.80000  4.58899e-11      1938.39
       848.90000  4.58899e-11      1932.42
       849.00000  4.58899e-11      1926.92
