PDS_VERSION_ID         = PDS3
RECORD_TYPE            = STREAM
OBJECT                 = TEXT
  PUBLICATION_DATE     = 2014-04-25
  INTERCHANGE_FORMAT   = ASCII
  NOTE                 = "System transmission vs. wavelength."
END_OBJECT             = TEXT
END
    
The systrans directory contains the non-wavelength-integrated system 
transmission values (QE*optics*filter1*filter2) for each filter combination. 
The naming convention for these files is as follows:

<camera><filter 1><filter 2>_systrans.tab

where <camera> is "issna" or "isswa," and <filter 1> and <filter 2> represent
the filter names. For polarized filter combinations, values are given for the
parallel orientation of the filter (full transmission), with values for the 
perpendicular (blocking) orientation provided in files with subscript 
"_b_systrans.tab". 

Columns in systrans files are as follows:

 1st column: Wavelength (nm)  
 2nd column: Transmitted Flux
 3rd column: Transmitted Flux * Solar Flux (phot per cm^2-s-angstrom at 1 AU)

The solar spectrum used for this calculation is provided in solarflux.tab.

\begindata
       600.00000  0.000369921  1.97020e+10
       600.10000  0.000369921  1.96724e+10
       600.20000  0.000369921  1.96391e+10
       600.30000  0.000369921  1.95984e+10
       600.40000  0.000369921  1.95503e+10
       600.50000  0.000398542  2.10111e+10
       600.60000  0.000398542  2.10390e+10
       600.70000  0.000398542  2.10629e+10
       600.80000  0.000398542  2.10869e+10
       600.90000  0.000398542  2.11028e+10
       601.00000  0.000398542  2.11148e+10
       601.10000  0.000398542  2.11187e+10
       601.20000  0.000398542  2.11227e+10
       601.30000  0.000398490  2.11200e+10
       601.40000  0.000398490  2.11120e+10
       601.50000  0.000405544  2.14776e+10
       601.60000  0.000405544  2.13843e+10
       601.70000  0.000405544  2.13073e+10
       601.80000  0.000405544  2.12383e+10
       601.90000  0.000405544  2.11856e+10
       602.00000  0.000405544  2.11451e+10
       602.10000  0.000405544  2.11126e+10
       602.20000  0.000405544  2.10964e+10
       602.30000  0.000405544  2.10923e+10
       602.40000  0.000405544  2.11004e+10
       602.50000  0.000400666  2.08627e+10
       602.60000  0.000400666  2.08947e+10
       602.70000  0.000400666  2.09388e+10
       602.80000  0.000400666  2.09949e+10
       602.90000  0.000400666  2.10630e+10
       603.00000  0.000400666  2.11431e+10
       603.10000  0.000400666  2.12353e+10
       603.20000  0.000400666  2.13395e+10
       603.30000  0.000400666  2.14557e+10
       603.40000  0.000400666  2.15839e+10
       603.50000  0.000394766  2.14042e+10
       603.60000  0.000394766  2.13963e+10
       603.70000  0.000394766  2.13884e+10
       603.80000  0.000394598  2.13714e+10
       603.90000  0.000394598  2.13596e+10
       604.00000  0.000394598  2.13517e+10
       604.10000  0.000394598  2.13399e+10
       604.20000  0.000394598  2.13320e+10
       604.30000  0.000394598  2.13201e+10
       604.40000  0.000394598  2.13122e+10
       604.50000  0.000379242  2.04715e+10
       604.60000  0.000379242  2.04563e+10
       604.70000  0.000379242  2.04411e+10
       604.80000  0.000379242  2.04260e+10
       604.90000  0.000379242  2.04108e+10
       605.00000  0.000379242  2.03994e+10
       605.10000  0.000379242  2.03880e+10
       605.20000  0.000379242  2.03805e+10
       605.30000  0.000379242  2.03691e+10
       605.40000  0.000379242  2.03615e+10
       605.50000  0.000343476  1.84343e+10
       605.60000  0.000343476  1.84309e+10
       605.70000  0.000343476  1.84240e+10
       605.80000  0.000343476  1.84206e+10
       605.90000  0.000343476  1.84206e+10
       606.00000  0.000343476  1.84172e+10
       606.10000  0.000343476  1.84172e+10
       606.20000  0.000343476  1.84172e+10
       606.30000  0.000343485  1.84177e+10
       606.40000  0.000343485  1.84211e+10
       606.50000  0.000273629  1.46774e+10
       606.60000  0.000273629  1.46829e+10
       606.70000  0.000273629  1.46857e+10
       606.80000  0.000273629  1.46911e+10
       606.90000  0.000273629  1.46911e+10
       607.00000  0.000273629  1.46939e+10
       607.10000  0.000273629  1.46939e+10
       607.20000  0.000273629  1.46939e+10
       607.30000  0.000273629  1.46911e+10
       607.40000  0.000273629  1.46884e+10
       607.50000  0.000179399  9.62835e+09
       607.60000  0.000179399  9.61759e+09
       607.70000  0.000179399  9.60862e+09
       607.80000  0.000179399  9.60144e+09
       607.90000  0.000179399  9.59427e+09
       608.00000  0.000179399  9.58709e+09
       608.10000  0.000179399  9.58171e+09
       608.20000  0.000179399  9.57633e+09
       608.30000  0.000179399  9.57274e+09
       608.40000  0.000179399  9.56915e+09
       608.50000  9.58993e-05  5.11431e+09
       608.60000  9.58993e-05  5.11335e+09
       608.70000  9.58993e-05  5.11239e+09
       608.80000  9.58786e-05  5.11129e+09
       608.90000  9.58786e-05  5.11225e+09
       609.00000  9.58786e-05  5.11321e+09
       609.10000  9.58786e-05  5.11416e+09
       609.20000  9.58786e-05  5.11608e+09
       609.30000  9.58786e-05  5.11800e+09
       609.40000  9.58786e-05  5.12088e+09
       609.50000  4.21896e-05  2.25503e+09
       609.60000  4.21896e-05  2.24491e+09
       609.70000  4.21896e-05  2.23605e+09
       609.80000  4.21896e-05  2.22845e+09
       609.90000  4.21896e-05  2.22213e+09
       610.00000  4.21896e-05  2.21664e+09
       610.10000  4.21896e-05  2.21200e+09
       610.20000  4.21896e-05  2.20863e+09
       610.30000  4.21896e-05  2.20652e+09
       610.40000  4.21896e-05  2.20567e+09
       610.50000  1.71466e-05  8.96252e+08
       610.60000  1.71466e-05  9.00711e+08
       610.70000  1.71466e-05  9.04654e+08
       610.80000  1.71466e-05  9.08255e+08
       610.90000  1.71466e-05  9.11341e+08
       611.00000  1.71466e-05  9.13913e+08
       611.10000  1.71466e-05  9.16143e+08
       611.20000  1.71466e-05  9.17857e+08
       611.30000  1.71466e-05  9.19232e+08
       611.40000  1.71466e-05  9.20089e+08
       611.50000  7.54226e-06  4.04868e+08
       611.60000  7.54226e-06  4.04868e+08
       611.70000  7.54226e-06  4.04642e+08
       611.80000  7.54226e-06  4.04265e+08
       611.90000  7.54226e-06  4.03662e+08
       612.00000  7.54226e-06  4.02907e+08
       612.10000  7.54226e-06  4.01927e+08
       612.20000  7.54226e-06  4.00720e+08
       612.30000  7.54226e-06  3.99363e+08
       612.40000  7.54226e-06  3.97779e+08
       612.50000  3.78413e-06  1.98705e+08
       612.60000  3.78413e-06  1.98213e+08
       612.70000  3.78413e-06  1.97759e+08
       612.80000  3.78413e-06  1.97380e+08
       612.90000  3.78413e-06  1.97078e+08
       613.00000  3.78413e-06  1.96813e+08
       613.10000  3.78413e-06  1.96624e+08
       613.20000  3.78413e-06  1.96472e+08
       613.30000  3.78413e-06  1.96397e+08
       613.40000  3.78413e-06  1.96397e+08
       613.50000  2.14118e-06  1.11149e+08
       613.60000  2.14118e-06  1.11470e+08
       613.70000  2.14118e-06  1.11748e+08
       613.80000  2.13884e-06  1.11883e+08
       613.90000  2.13884e-06  1.12139e+08
       614.00000  2.13884e-06  1.12375e+08
       614.10000  2.13884e-06  1.12567e+08
       614.20000  2.13884e-06  1.12760e+08
       614.30000  2.13884e-06  1.12931e+08
       614.40000  2.13884e-06  1.13081e+08
       614.50000  1.35097e-06  7.15067e+07
       614.60000  1.35097e-06  7.15743e+07
       614.70000  1.35097e-06  7.16283e+07
       614.80000  1.35097e-06  7.16689e+07
       614.90000  1.35097e-06  7.16959e+07
       615.00000  1.35097e-06  7.17094e+07
       615.10000  1.35097e-06  7.17229e+07
       615.20000  1.35097e-06  7.17094e+07
       615.30000  1.35097e-06  7.16959e+07
       615.40000  1.35097e-06  7.16689e+07
       615.50000  9.77568e-07  5.18209e+07
       615.60000  9.77568e-07  5.12441e+07
       615.70000  9.77568e-07  5.07162e+07
       615.80000  9.77568e-07  5.02568e+07
       615.90000  9.77568e-07  4.98657e+07
       616.00000  9.77568e-07  4.95236e+07
       616.10000  9.77568e-07  4.92499e+07
       616.20000  9.77568e-07  4.90348e+07
       616.30000  9.77706e-07  4.88853e+07
       616.40000  9.77706e-07  4.87973e+07
       616.50000  7.72585e-07  3.85288e+07
       616.60000  7.72585e-07  3.88610e+07
       616.70000  7.72585e-07  3.91700e+07
       616.80000  7.72585e-07  3.94559e+07
       616.90000  7.72585e-07  3.97263e+07
       617.00000  7.72585e-07  3.99813e+07
       617.10000  7.72585e-07  4.02130e+07
       617.20000  7.72585e-07  4.04216e+07
       617.30000  7.72585e-07  4.06148e+07
       617.40000  7.72585e-07  4.07925e+07
       617.50000  6.77895e-07  3.59284e+07
       617.60000  6.77895e-07  3.60437e+07
       617.70000  6.77895e-07  3.61454e+07
       617.80000  6.77895e-07  3.62335e+07
       617.90000  6.77895e-07  3.62945e+07
       618.00000  6.77895e-07  3.63487e+07
       618.10000  6.77895e-07  3.63826e+07
       618.20000  6.77895e-07  3.63962e+07
       618.30000  6.77895e-07  3.63962e+07
       618.40000  6.77895e-07  3.63759e+07
       618.50000  6.57926e-07  3.52714e+07
       618.60000  6.57926e-07  3.52056e+07
       618.70000  6.57926e-07  3.51398e+07
       618.80000  6.57264e-07  3.50585e+07
       618.90000  6.57264e-07  3.50125e+07
       619.00000  6.57264e-07  3.49796e+07
