PDS_VERSION_ID         = PDS3
RECORD_TYPE            = STREAM
OBJECT                 = TEXT
  PUBLICATION_DATE     = 2014-04-25
  INTERCHANGE_FORMAT   = ASCII
  NOTE                 = "System transmission vs. wavelength."
END_OBJECT             = TEXT
END
    
The systrans directory contains the non-wavelength-integrated system 
transmission values (QE*optics*filter1*filter2) for each filter combination. 
The naming convention for these files is as follows:

<camera><filter 1><filter 2>_systrans.tab

where <camera> is "issna" or "isswa," and <filter 1> and <filter 2> represent
the filter names. For polarized filter combinations, values are given for the
parallel orientation of the filter (full transmission), with values for the 
perpendicular (blocking) orientation provided in files with subscript 
"_b_systrans.tab". 

Columns in systrans files are as follows:

 1st column: Wavelength (nm)  
 2nd column: Transmitted Flux
 3rd column: Transmitted Flux * Solar Flux (phot per cm^2-s-angstrom at 1 AU)

The solar spectrum used for this calculation is provided in solarflux.tab.

\begindata
       619.00000  0.000313006  1.66582e+10
       619.10000  0.000313006  1.66457e+10
       619.20000  0.000313006  1.66394e+10
       619.30000  0.000313006  1.66363e+10
       619.40000  0.000313006  1.66363e+10
       619.50000  0.000333930  1.77551e+10
       619.60000  0.000333930  1.78185e+10
       619.70000  0.000333930  1.78753e+10
       619.80000  0.000333930  1.79254e+10
       619.90000  0.000333930  1.79688e+10
       620.00000  0.000333930  1.80022e+10
       620.10000  0.000333930  1.80289e+10
       620.20000  0.000333930  1.80489e+10
       620.30000  0.000333930  1.80623e+10
       620.40000  0.000333930  1.80656e+10
       620.50000  0.000401670  2.17304e+10
       620.60000  0.000401670  2.16420e+10
       620.70000  0.000401670  2.15576e+10
       620.80000  0.000401670  2.14853e+10
       620.90000  0.000401670  2.14211e+10
       621.00000  0.000401670  2.13648e+10
       621.10000  0.000401670  2.13166e+10
       621.20000  0.000401670  2.12805e+10
       621.30000  0.000401155  2.12211e+10
       621.40000  0.000401155  2.11970e+10
       621.50000  0.000524518  2.76998e+10
       621.60000  0.000524518  2.77942e+10
       621.70000  0.000524518  2.78781e+10
       621.80000  0.000524518  2.79463e+10
       621.90000  0.000524518  2.80093e+10
       622.00000  0.000524518  2.80565e+10
       622.10000  0.000524518  2.80932e+10
       622.20000  0.000524518  2.81142e+10
       622.30000  0.000524518  2.81299e+10
       622.40000  0.000524518  2.81299e+10
       622.50000  0.000769918  4.12753e+10
       622.60000  0.000769918  4.12445e+10
       622.70000  0.000769918  4.11983e+10
       622.80000  0.000769918  4.11367e+10
       622.90000  0.000769918  4.10520e+10
       623.00000  0.000769918  4.09596e+10
       623.10000  0.000769918  4.08442e+10
       623.20000  0.000769918  4.07056e+10
       623.30000  0.000769918  4.05593e+10
       623.40000  0.000769918  4.03899e+10
       623.50000   0.00127064  6.63654e+10
       623.60000   0.00127064  6.63527e+10
       623.70000   0.00127064  6.63527e+10
       623.80000   0.00126790  6.61845e+10
       623.90000   0.00126790  6.61718e+10
       624.00000   0.00126790  6.61464e+10
       624.10000   0.00126790  6.61084e+10
       624.20000   0.00126790  6.60704e+10
       624.30000   0.00126790  6.60323e+10
       624.40000   0.00126790  6.59816e+10
       624.50000   0.00241074  1.25359e+11
       624.60000   0.00241074  1.24877e+11
       624.70000   0.00241074  1.24491e+11
       624.80000   0.00241074  1.24153e+11
       624.90000   0.00241074  1.23888e+11
       625.00000   0.00241074  1.23695e+11
       625.10000   0.00241074  1.23575e+11
       625.20000   0.00241074  1.23502e+11
       625.30000   0.00241074  1.23527e+11
       625.40000   0.00241074  1.23599e+11
       625.50000   0.00546423  2.80479e+11
       625.60000   0.00546423  2.80916e+11
       625.70000   0.00546423  2.81572e+11
       625.80000   0.00546423  2.82337e+11
       625.90000   0.00546423  2.83266e+11
       626.00000   0.00546423  2.84358e+11
       626.10000   0.00546423  2.85615e+11
       626.20000   0.00546423  2.86981e+11
       626.30000   0.00545561  2.88111e+11
       626.40000   0.00545561  2.89802e+11
       626.50000    0.0145757  7.79071e+11
       626.60000    0.0145757  7.79217e+11
       626.70000    0.0145757  7.79363e+11
       626.80000    0.0145757  7.79508e+11
       626.90000    0.0145757  7.79654e+11
       627.00000    0.0145757  7.79800e+11
       627.10000    0.0145757  7.79946e+11
       627.20000    0.0145757  7.79946e+11
       627.30000    0.0145757  7.80091e+11
       627.40000    0.0145757  7.80237e+11
       627.50000    0.0385247  2.06261e+12
       627.60000    0.0385247  2.06415e+12
       627.70000    0.0385247  2.06531e+12
       627.80000    0.0385247  2.06608e+12
       627.90000    0.0385247  2.06685e+12
       628.00000    0.0385247  2.06724e+12
       628.10000    0.0385247  2.06762e+12
       628.20000    0.0385247  2.06762e+12
       628.30000    0.0385247  2.06724e+12
       628.40000    0.0385247  2.06685e+12
       628.50000    0.0782089  4.19434e+12
       628.60000    0.0782089  4.19200e+12
       628.70000    0.0782089  4.18965e+12
       628.80000    0.0780436  4.17767e+12
       628.90000    0.0780436  4.17377e+12
       629.00000    0.0780436  4.16987e+12
       629.10000    0.0780436  4.16519e+12
       629.20000    0.0780436  4.16050e+12
       629.30000    0.0780436  4.15504e+12
       629.40000    0.0780436  4.14880e+12
       629.50000     0.113378  6.01811e+12
       629.60000     0.113378  6.00564e+12
       629.70000     0.113378  5.99317e+12
       629.80000     0.113378  5.98183e+12
       629.90000     0.113378  5.97163e+12
       630.00000     0.113378  5.96143e+12
       630.10000     0.113378  5.95122e+12
       630.20000     0.113378  5.94328e+12
       630.30000     0.113378  5.93421e+12
       630.40000     0.113378  5.92741e+12
       630.50000     0.123774  6.46346e+12
       630.60000     0.123774  6.45603e+12
       630.70000     0.123774  6.44984e+12
       630.80000     0.123774  6.44489e+12
       630.90000     0.123774  6.43994e+12
       631.00000     0.123774  6.43623e+12
       631.10000     0.123774  6.43994e+12
       631.20000     0.123774  6.44365e+12
       631.30000     0.123768  6.44829e+12
       631.40000     0.123768  6.45201e+12
       631.50000     0.121223  6.32299e+12
       631.60000     0.121223  6.32663e+12
       631.70000     0.121223  6.33026e+12
       631.80000     0.121223  6.33269e+12
       631.90000     0.121223  6.33632e+12
       632.00000     0.121223  6.33996e+12
       632.10000     0.121223  6.34360e+12
       632.20000     0.121223  6.34602e+12
       632.30000     0.121223  6.34966e+12
       632.40000     0.121223  6.35330e+12
       632.50000     0.120598  6.32297e+12
       632.60000     0.120598  6.32538e+12
       632.70000     0.120598  6.32900e+12
       632.80000     0.120598  6.33141e+12
       632.90000     0.120598  6.33382e+12
       633.00000     0.120598  6.33744e+12
       633.10000     0.120598  6.33985e+12
       633.20000     0.120598  6.34227e+12
       633.30000     0.120598  6.34468e+12
       633.40000     0.120598  6.34709e+12
       633.50000     0.122514  6.45034e+12
       633.60000     0.122514  6.45279e+12
       633.70000     0.122514  6.45524e+12
       633.80000     0.122495  6.45547e+12
       633.90000     0.122495  6.45792e+12
       634.00000     0.122495  6.46037e+12
       634.10000     0.122495  6.46160e+12
       634.20000     0.122495  6.46405e+12
       634.30000     0.122495  6.46527e+12
       634.40000     0.122495  6.46772e+12
       634.50000     0.123546  6.52449e+12
       634.60000     0.123546  6.52572e+12
       634.70000     0.123546  6.52819e+12
       634.80000     0.123546  6.52943e+12
       634.90000     0.123546  6.53066e+12
       635.00000     0.123546  6.53190e+12
       635.10000     0.123546  6.53313e+12
       635.20000     0.123546  6.53313e+12
       635.30000     0.123546  6.53437e+12
       635.40000     0.123546  6.53437e+12
       635.50000     0.123089  6.51142e+12
       635.60000     0.123089  6.51265e+12
       635.70000     0.123089  6.51265e+12
       635.80000     0.123089  6.51388e+12
       635.90000     0.123089  6.51388e+12
       636.00000     0.123089  6.51511e+12
       636.10000     0.123089  6.51511e+12
       636.20000     0.123089  6.51634e+12
       636.30000     0.122360  6.47772e+12
       636.40000     0.122360  6.47894e+12
       636.50000     0.118189  6.25813e+12
       636.60000     0.118189  6.25931e+12
       636.70000     0.118189  6.25931e+12
       636.80000     0.118189  6.26050e+12
       636.90000     0.118189  6.26050e+12
       637.00000     0.118189  6.26050e+12
       637.10000     0.118189  6.26168e+12
       637.20000     0.118189  6.26168e+12
       637.30000     0.118189  6.26286e+12
       637.40000     0.118189  6.26286e+12
       637.50000     0.108693  5.75965e+12
       637.60000     0.108693  5.76074e+12
       637.70000     0.108693  5.76074e+12
       637.80000     0.108693  5.76183e+12
       637.90000     0.108693  5.76183e+12
       638.00000     0.108693  5.76183e+12
       638.10000     0.108693  5.76291e+12
       638.20000     0.108693  5.76291e+12
       638.30000     0.108693  5.76291e+12
       638.40000     0.108693  5.76400e+12
       638.50000    0.0914222  4.84812e+12
       638.60000    0.0914222  4.84812e+12
       638.70000    0.0914222  4.84903e+12
       638.80000    0.0908227  4.81724e+12
       638.90000    0.0908227  4.81724e+12
       639.00000    0.0908227  4.81724e+12
       639.10000    0.0908227  4.80997e+12
       639.20000    0.0908227  4.80270e+12
       639.30000    0.0908227  4.79544e+12
       639.40000    0.0908227  4.78908e+12
       639.50000    0.0681301  3.58705e+12
       639.60000    0.0681301  3.58296e+12
       639.70000    0.0681301  3.57819e+12
       639.80000    0.0681301  3.57411e+12
       639.90000    0.0681301  3.57070e+12
       640.00000    0.0681301  3.56661e+12
       640.10000    0.0681301  3.56321e+12
       640.20000    0.0681301  3.56048e+12
       640.30000    0.0681301  3.55775e+12
       640.40000    0.0681301  3.55503e+12
       640.50000    0.0446738  2.32929e+12
       640.60000    0.0446738  2.32795e+12
       640.70000    0.0446738  2.32661e+12
       640.80000    0.0446738  2.32572e+12
       640.90000    0.0446738  2.32438e+12
       641.00000    0.0446738  2.32393e+12
       641.10000    0.0446738  2.32482e+12
       641.20000    0.0446738  2.32572e+12
       641.30000    0.0443716  2.31087e+12
       641.40000    0.0443716  2.31176e+12
       641.50000    0.0260581  1.35815e+12
       641.60000    0.0260581  1.35867e+12
       641.70000    0.0260581  1.35919e+12
       641.80000    0.0260581  1.35971e+12
       641.90000    0.0260581  1.36023e+12
       642.00000    0.0260581  1.36075e+12
       642.10000    0.0260581  1.36101e+12
       642.20000    0.0260581  1.36153e+12
       642.30000    0.0260581  1.36206e+12
       642.40000    0.0260581  1.36258e+12
       642.50000    0.0143323  7.49721e+11
       642.60000    0.0143323  7.50008e+11
       642.70000    0.0143323  7.50294e+11
       642.80000    0.0143323  7.50581e+11
       642.90000    0.0143323  7.50868e+11
       643.00000    0.0143323  7.51154e+11
       643.10000    0.0143323  7.51298e+11
       643.20000    0.0143323  7.51584e+11
       643.30000    0.0143323  7.51871e+11
       643.40000    0.0143323  7.52158e+11
       643.50000   0.00783503  4.11339e+11
       643.60000   0.00783503  4.11496e+11
       643.70000   0.00783503  4.11574e+11
       643.80000   0.00782459  4.11182e+11
       643.90000   0.00782459  4.11339e+11
       644.00000   0.00782459  4.11495e+11
       644.10000   0.00782459  4.11652e+11
       644.20000   0.00782459  4.11730e+11
       644.30000   0.00782459  4.11886e+11
       644.40000   0.00782459  4.12043e+11
       644.50000   0.00431156  2.27133e+11
       644.60000   0.00431156  2.27176e+11
       644.70000   0.00431156  2.27263e+11
       644.80000   0.00431156  2.27349e+11
       644.90000   0.00431156  2.27435e+11
       645.00000   0.00431156  2.27478e+11
       645.10000   0.00431156  2.27435e+11
       645.20000   0.00431156  2.27349e+11
       645.30000   0.00431156  2.27306e+11
       645.40000   0.00431156  2.27219e+11
       645.50000   0.00240767  1.26812e+11
       645.60000   0.00240767  1.26764e+11
       645.70000   0.00240767  1.26715e+11
       645.80000   0.00240767  1.26643e+11
       645.90000   0.00240767  1.26571e+11
       646.00000   0.00240767  1.26499e+11
       646.10000   0.00240767  1.26427e+11
       646.20000   0.00240767  1.26354e+11
       646.30000   0.00240619  1.26181e+11
       646.40000   0.00240619  1.26084e+11
       646.50000   0.00139597  7.31069e+10
       646.60000   0.00139597  7.30371e+10
       646.70000   0.00139597  7.29812e+10
       646.80000   0.00139597  7.29254e+10
       646.90000   0.00139597  7.28556e+10
       647.00000   0.00139597  7.27997e+10
       647.10000   0.00139597  7.26043e+10
       647.20000   0.00139597  7.24228e+10
       647.30000   0.00139597  7.22553e+10
       647.40000   0.00139597  7.20878e+10
       647.50000  0.000848835  4.37405e+10
       647.60000  0.000848835  4.36641e+10
       647.70000  0.000848835  4.35792e+10
       647.80000  0.000848835  4.35113e+10
       647.90000  0.000848835  4.34434e+10
       648.00000  0.000848835  4.33840e+10
       648.10000  0.000848835  4.33330e+10
       648.20000  0.000848835  4.32906e+10
       648.30000  0.000848835  4.32481e+10
       648.40000  0.000848835  4.32142e+10
       648.50000  0.000530951  2.70148e+10
       648.60000  0.000530951  2.70042e+10
       648.70000  0.000530951  2.69936e+10
       648.80000  0.000531500  2.70162e+10
       648.90000  0.000531500  2.70162e+10
       649.00000  0.000531500  2.70215e+10
       649.10000  0.000531500  2.70268e+10
       649.20000  0.000531500  2.70427e+10
       649.30000  0.000531500  2.70534e+10
       649.40000  0.000531500  2.70746e+10
       649.50000  0.000336182  1.71419e+10
       649.60000  0.000336182  1.71587e+10
       649.70000  0.000336182  1.71789e+10
       649.80000  0.000336182  1.72024e+10
       649.90000  0.000336182  1.72260e+10
       650.00000  0.000336182  1.72528e+10
       650.10000  0.000336182  1.72831e+10
       650.20000  0.000336182  1.73167e+10
       650.30000  0.000336182  1.73537e+10
       650.40000  0.000336182  1.73907e+10
       650.50000  0.000214804  1.11376e+10
       650.60000  0.000214804  1.11655e+10
       650.70000  0.000214804  1.11935e+10
       650.80000  0.000214804  1.12257e+10
       650.90000  0.000214804  1.12579e+10
       651.00000  0.000214804  1.12923e+10
       651.10000  0.000214804  1.13009e+10
       651.20000  0.000214804  1.13095e+10
       651.30000  0.000214535  1.13017e+10
       651.40000  0.000214535  1.13081e+10
       651.50000  0.000142223  7.50082e+09
       651.60000  0.000142223  7.50224e+09
       651.70000  0.000142223  7.50508e+09
       651.80000  0.000142223  7.50651e+09
       651.90000  0.000142223  7.50651e+09
       652.00000  0.000142223  7.50651e+09
       652.10000  0.000142223  7.50508e+09
       652.20000  0.000142223  7.50366e+09
       652.30000  0.000142223  7.50224e+09
       652.40000  0.000142223  7.49940e+09
       652.50000  0.000101526  5.35040e+09
       652.60000  0.000101526  5.34735e+09
       652.70000  0.000101526  5.34430e+09
       652.80000  0.000101526  5.33923e+09
       652.90000  0.000101526  5.33517e+09
       653.00000  0.000101526  5.33009e+09
       653.10000  0.000101526  5.32603e+09
       653.20000  0.000101526  5.32197e+09
       653.30000  0.000101526  5.31588e+09
       653.40000  0.000101526  5.30979e+09
       653.50000  7.33659e-05  3.83264e+09
       653.60000  7.33659e-05  3.82750e+09
       653.70000  7.33659e-05  3.82163e+09
       653.80000  7.32765e-05  3.81038e+09
       653.90000  7.32765e-05  3.80378e+09
       654.00000  7.32765e-05  3.79646e+09
       654.10000  7.32765e-05  3.78913e+09
       654.20000  7.32765e-05  3.78034e+09
       654.30000  7.32765e-05  3.77154e+09
       654.40000  7.32765e-05  3.76275e+09
       654.50000  5.00818e-05  2.56519e+09
       654.60000  5.00818e-05  2.55818e+09
       654.70000  5.00818e-05  2.55067e+09
       654.80000  5.00818e-05  2.54316e+09
       654.90000  5.00818e-05  2.53514e+09
       655.00000  5.00818e-05  2.52663e+09
       655.10000  5.00818e-05  2.50259e+09
       655.20000  5.00818e-05  2.47955e+09
       655.30000  5.00818e-05  2.45802e+09
       655.40000  5.00818e-05  2.43798e+09
       655.50000  3.92169e-05  1.89418e+09
       655.60000  3.92169e-05  1.88045e+09
       655.70000  3.92169e-05  1.86751e+09
       655.80000  3.92169e-05  1.85575e+09
       655.90000  3.92169e-05  1.84476e+09
       656.00000  3.92169e-05  1.83496e+09
       656.10000  3.92169e-05  1.82633e+09
       656.20000  3.92169e-05  1.81849e+09
       656.30000  3.91871e-05  1.81044e+09
       656.40000  3.91871e-05  1.80457e+09
       656.50000  2.66701e-05  1.22496e+09
       656.60000  2.66701e-05  1.22256e+09
       656.70000  2.66701e-05  1.22069e+09
       656.80000  2.66701e-05  1.21963e+09
       656.90000  2.66701e-05  1.21909e+09
       657.00000  2.66701e-05  1.21936e+09
       657.10000  2.66701e-05  1.22976e+09
       657.20000  2.66701e-05  1.23989e+09
       657.30000  2.66701e-05  1.24976e+09
       657.40000  2.66701e-05  1.25936e+09
       657.50000  2.20470e-05  1.04856e+09
       657.60000  2.20470e-05  1.05605e+09
       657.70000  2.20470e-05  1.06311e+09
       657.80000  2.20470e-05  1.06994e+09
       657.90000  2.20470e-05  1.07634e+09
       658.00000  2.20470e-05  1.08273e+09
       658.10000  2.20470e-05  1.08890e+09
       658.20000  2.20470e-05  1.09463e+09
       658.30000  2.20470e-05  1.10015e+09
       658.40000  2.20470e-05  1.10544e+09
       658.50000  1.88582e-05  9.49700e+08
       658.60000  1.88582e-05  9.53849e+08
       658.70000  1.88582e-05  9.57620e+08
       658.80000  1.88386e-05  9.60393e+08
       658.90000  1.88386e-05  9.63785e+08
       659.00000  1.88386e-05  9.66799e+08
       659.10000  1.88386e-05  9.69813e+08
       659.20000  1.88386e-05  9.72639e+08
       659.30000  1.88386e-05  9.75088e+08
       659.40000  1.88386e-05  9.77348e+08
       659.50000  1.41824e-05  7.37344e+08
       659.60000  1.41824e-05  7.38762e+08
       659.70000  1.41824e-05  7.39897e+08
       659.80000  1.41824e-05  7.41032e+08
       659.90000  1.41824e-05  7.41883e+08
       660.00000  1.41824e-05  7.42592e+08
       660.10000  1.41824e-05  7.43159e+08
       660.20000  1.41824e-05  7.43443e+08
       660.30000  1.41824e-05  7.43726e+08
       660.40000  1.41824e-05  7.43726e+08
       660.50000  1.10559e-05  5.79660e+08
       660.60000  1.10559e-05  5.79439e+08
       660.70000  1.10559e-05  5.79107e+08
       660.80000  1.10559e-05  5.78554e+08
       660.90000  1.10559e-05  5.78002e+08
       661.00000  1.10559e-05  5.77228e+08
       661.10000  1.10559e-05  5.76896e+08
       661.20000  1.10559e-05  5.76454e+08
       661.30000  1.10284e-05  5.74692e+08
       661.40000  1.10284e-05  5.74361e+08
       661.50000  9.46089e-06  4.92439e+08
       661.60000  9.46089e-06  4.92250e+08
       661.70000  9.46089e-06  4.91966e+08
       661.80000  9.46089e-06  4.91777e+08
       661.90000  9.46089e-06  4.91588e+08
       662.00000  9.46089e-06  4.91399e+08
       662.10000  9.46089e-06  4.91210e+08
       662.20000  9.46089e-06  4.91020e+08
       662.30000  9.46089e-06  4.90926e+08
       662.40000  9.46089e-06  4.90831e+08
       662.50000  7.90214e-06  4.09805e+08
       662.60000  7.90214e-06  4.09805e+08
       662.70000  7.90214e-06  4.09726e+08
       662.80000  7.90214e-06  4.09647e+08
       662.90000  7.90214e-06  4.09647e+08
       663.00000  7.90214e-06  4.09647e+08
       663.10000  7.90214e-06  4.09963e+08
       663.20000  7.90214e-06  4.10200e+08
       663.30000  7.90214e-06  4.10516e+08
       663.40000  7.90214e-06  4.10753e+08
       663.50000  6.32698e-06  3.29066e+08
       663.60000  6.32698e-06  3.29256e+08
       663.70000  6.32698e-06  3.29383e+08
       663.80000  6.31349e-06  3.28869e+08
       663.90000  6.31349e-06  3.28996e+08
       664.00000  6.31349e-06  3.29059e+08
       664.10000  6.31349e-06  3.29185e+08
       664.20000  6.31349e-06  3.29248e+08
       664.30000  6.31349e-06  3.29311e+08
       664.40000  6.31349e-06  3.29375e+08
       664.50000  4.74577e-06  2.47587e+08
       664.60000  4.74577e-06  2.47587e+08
       664.70000  4.74577e-06  2.47587e+08
       664.80000  4.74577e-06  2.47587e+08
       664.90000  4.74577e-06  2.47587e+08
       665.00000  4.74577e-06  2.47539e+08
       665.10000  4.74577e-06  2.47492e+08
       665.20000  4.74577e-06  2.47444e+08
       665.30000  4.74577e-06  2.47349e+08
       665.40000  4.74577e-06  2.47254e+08
       665.50000  4.74969e-06  2.47364e+08
       665.60000  4.74969e-06  2.47269e+08
       665.70000  4.74969e-06  2.47126e+08
       665.80000  4.74969e-06  2.47031e+08
       665.90000  4.74969e-06  2.46889e+08
       666.00000  4.74969e-06  2.46699e+08
       666.10000  4.74969e-06  2.46556e+08
       666.20000  4.74969e-06  2.46366e+08
       666.30000  4.73776e-06  2.45558e+08
       666.40000  4.73776e-06  2.45369e+08
       666.50000  3.16111e-06  1.63556e+08
       666.60000  3.16111e-06  1.63398e+08
       666.70000  3.16111e-06  1.63240e+08
       666.80000  3.16111e-06  1.63082e+08
       666.90000  3.16111e-06  1.62924e+08
       667.00000  3.16111e-06  1.62734e+08
       667.10000  3.16111e-06  1.62924e+08
       667.20000  3.16111e-06  1.63082e+08
       667.30000  3.16111e-06  1.63240e+08
       667.40000  3.16111e-06  1.63398e+08
       667.50000  3.16825e-06  1.63925e+08
       667.60000  3.16825e-06  1.64052e+08
       667.70000  3.16825e-06  1.64179e+08
       667.80000  3.16825e-06  1.64274e+08
       667.90000  3.16825e-06  1.64369e+08
       668.00000  3.16825e-06  1.64464e+08
       668.10000  3.16825e-06  1.64559e+08
       668.20000  3.16825e-06  1.64622e+08
       668.30000  3.16825e-06  1.64686e+08
       668.40000  3.16825e-06  1.64717e+08
       668.50000  3.17993e-06  1.65356e+08
       668.60000  3.17993e-06  1.65388e+08
       668.70000  3.17993e-06  1.65388e+08
       668.80000  3.17472e-06  1.65117e+08
       668.90000  3.17472e-06  1.65117e+08
       669.00000  3.17472e-06  1.65086e+08
       669.10000  3.17472e-06  1.64863e+08
       669.20000  3.17472e-06  1.64641e+08
       669.30000  3.17472e-06  1.64451e+08
       669.40000  3.17472e-06  1.64260e+08
       669.50000  3.17721e-06  1.64198e+08
       669.60000  3.17721e-06  1.64008e+08
       669.70000  3.17721e-06  1.63849e+08
       669.80000  3.17721e-06  1.63690e+08
       669.90000  3.17721e-06  1.63531e+08
       670.00000  3.17721e-06  1.63404e+08
       670.10000  3.17721e-06  1.63277e+08
       670.20000  3.17721e-06  1.63150e+08
       670.30000  3.17721e-06  1.63023e+08
       670.40000  3.17721e-06  1.62927e+08
       670.50000  1.58762e-06  8.13657e+07
       670.60000  1.58762e-06  8.13181e+07
       670.70000  1.58762e-06  8.12863e+07
       670.80000  1.58762e-06  8.12546e+07
       670.90000  1.58762e-06  8.12228e+07
       671.00000  1.58762e-06  8.12070e+07
       671.10000  1.58762e-06  8.11752e+07
       671.20000  1.58762e-06  8.11752e+07
       671.30000  1.58768e-06  8.11624e+07
       671.40000  1.58768e-06  8.11624e+07
       671.50000  1.58897e-06  8.12280e+07
       671.60000  1.58897e-06  8.12280e+07
       671.70000  1.58897e-06  8.12280e+07
       671.80000  1.58897e-06  8.12439e+07
       671.90000  1.58897e-06  8.12598e+07
       672.00000  1.58897e-06  8.12915e+07
       672.10000  1.58897e-06  8.13233e+07
       672.20000  1.58897e-06  8.13551e+07
       672.30000  1.58897e-06  8.13869e+07
       672.40000  1.58897e-06  8.14345e+07
       672.50000  1.59025e-06  8.15478e+07
       672.60000  1.59025e-06  8.15955e+07
       672.70000  1.59025e-06  8.16433e+07
       672.80000  1.59025e-06  8.17069e+07
       672.90000  1.59025e-06  8.17705e+07
       673.00000  1.59025e-06  8.18500e+07
       673.10000  1.59025e-06  8.18182e+07
       673.20000  1.59025e-06  8.17864e+07
       673.30000  1.59025e-06  8.17546e+07
       673.40000  1.59025e-06  8.17387e+07
       673.50000  1.59600e-06  8.20025e+07
       673.60000  1.59600e-06  8.19865e+07
       673.70000  1.59600e-06  8.19706e+07
       673.80000  1.59664e-06  8.19714e+07
       673.90000  1.59664e-06  8.19554e+07
       674.00000  1.59664e-06  8.19394e+07
       674.10000  1.59664e-06  8.19235e+07
       674.20000  1.59664e-06  8.19075e+07
       674.30000  1.59664e-06  8.18915e+07
       674.40000  1.59664e-06  8.18756e+07
       674.50000  1.49523e-06  7.66605e+07
       674.60000  1.49523e-06  7.66605e+07
       674.70000  1.49523e-06  7.66455e+07
       674.80000  1.49523e-06  7.66455e+07
       674.90000  1.49523e-06  7.66306e+07
       675.00000  1.49523e-06  7.66306e+07
       675.10000  1.49523e-06  7.66455e+07
       675.20000  1.49523e-06  7.66605e+07
       675.30000  1.49523e-06  7.66754e+07
       675.40000  1.49523e-06  7.66904e+07
       675.50000  1.55906e-06  7.99643e+07
       675.60000  1.55906e-06  7.99799e+07
       675.70000  1.55906e-06  7.99955e+07
       675.80000  1.55906e-06  7.99955e+07
       675.90000  1.55906e-06  8.00111e+07
       676.00000  1.55906e-06  8.00111e+07
       676.10000  1.55906e-06  8.00267e+07
       676.20000  1.55906e-06  8.00267e+07
       676.30000  1.55747e-06  7.99451e+07
       676.40000  1.55747e-06  7.99451e+07
       676.50000  1.42841e-06  7.33345e+07
       676.60000  1.42841e-06  7.33345e+07
       676.70000  1.42841e-06  7.33345e+07
       676.80000  1.42841e-06  7.33202e+07
       676.90000  1.42841e-06  7.33202e+07
       677.00000  1.42841e-06  7.33202e+07
       677.10000  1.42841e-06  7.33202e+07
       677.20000  1.42841e-06  7.33059e+07
       677.30000  1.42841e-06  7.33059e+07
       677.40000  1.42841e-06  7.32916e+07
       677.50000  1.40582e-06  7.21326e+07
       677.60000  1.40582e-06  7.21185e+07
       677.70000  1.40582e-06  7.21185e+07
       677.80000  1.40582e-06  7.21044e+07
       677.90000  1.40582e-06  7.20904e+07
       678.00000  1.40582e-06  7.20763e+07
       678.10000  1.40582e-06  7.20623e+07
       678.20000  1.40582e-06  7.20482e+07
       678.30000  1.40582e-06  7.20341e+07
       678.40000  1.40582e-06  7.20201e+07
       678.50000  1.42949e-06  7.32043e+07
       678.60000  1.42949e-06  7.31900e+07
       678.70000  1.42949e-06  7.31757e+07
       678.80000  1.42938e-06  7.31416e+07
       678.90000  1.42938e-06  7.31273e+07
       679.00000  1.42938e-06  7.30987e+07
       679.10000  1.42938e-06  7.30987e+07
       679.20000  1.42938e-06  7.31130e+07
       679.30000  1.42938e-06  7.31130e+07
       679.40000  1.42938e-06  7.31130e+07
       679.50000  1.34715e-06  6.89067e+07
       679.60000  1.34715e-06  6.89067e+07
       679.70000  1.34715e-06  6.89067e+07
       679.80000  1.34715e-06  6.89067e+07
       679.90000  1.34715e-06  6.89067e+07
       680.00000  1.34715e-06  6.88932e+07
       680.10000  1.34715e-06  6.88932e+07
       680.20000  1.34715e-06  6.88932e+07
       680.30000  1.34715e-06  6.88798e+07
       680.40000  1.34715e-06  6.88798e+07
       680.50000  1.25235e-06  6.40202e+07
       680.60000  1.25235e-06  6.40202e+07
       680.70000  1.25235e-06  6.40077e+07
       680.80000  1.25235e-06  6.39951e+07
       680.90000  1.25235e-06  6.39826e+07
       681.00000  1.25235e-06  6.39826e+07
       681.10000  1.25235e-06  6.39701e+07
       681.20000  1.25235e-06  6.39576e+07
       681.30000  1.25223e-06  6.39515e+07
       681.40000  1.25223e-06  6.39390e+07
       681.50000  1.34699e-06  6.87640e+07
       681.60000  1.34699e-06  6.87505e+07
       681.70000  1.34699e-06  6.87371e+07
       681.80000  1.34699e-06  6.87101e+07
       681.90000  1.34699e-06  6.86967e+07
       682.00000  1.34699e-06  6.86832e+07
       682.10000  1.34699e-06  6.86562e+07
       682.20000  1.34699e-06  6.86293e+07
       682.30000  1.34699e-06  6.86158e+07
       682.40000  1.34699e-06  6.85889e+07
       682.50000  1.32112e-06  6.72453e+07
       682.60000  1.32112e-06  6.72188e+07
       682.70000  1.32112e-06  6.71924e+07
       682.80000  1.32112e-06  6.71660e+07
       682.90000  1.32112e-06  6.71264e+07
       683.00000  1.32112e-06  6.70999e+07
       683.10000  1.32112e-06  6.70735e+07
       683.20000  1.32112e-06  6.70339e+07
       683.30000  1.32112e-06  6.69942e+07
       683.40000  1.32112e-06  6.69546e+07
       683.50000  1.23303e-06  6.24655e+07
       683.60000  1.23303e-06  6.24285e+07
       683.70000  1.23303e-06  6.23915e+07
       683.80000  1.23209e-06  6.22944e+07
       683.90000  1.23209e-06  6.22575e+07
       684.00000  1.23209e-06  6.22205e+07
       684.10000  1.23209e-06  6.21712e+07
       684.20000  1.23209e-06  6.21343e+07
       684.30000  1.23209e-06  6.20850e+07
       684.40000  1.23209e-06  6.20480e+07
       684.50000  1.28694e-06  6.47588e+07
       684.60000  1.28694e-06  6.47073e+07
       684.70000  1.28694e-06  6.46558e+07
       684.80000  1.28694e-06  6.46044e+07
       684.90000  1.28694e-06  6.45400e+07
       685.00000  1.28694e-06  6.44885e+07
       685.10000  1.28694e-06  6.45400e+07
       685.20000  1.28694e-06  6.46044e+07
       685.30000  1.28694e-06  6.46558e+07
       685.40000  1.28694e-06  6.46945e+07
       685.50000  1.19375e-06  6.00577e+07
       685.60000  1.19375e-06  6.01055e+07
       685.70000  1.19375e-06  6.01413e+07
       685.80000  1.19375e-06  6.01771e+07
       685.90000  1.19375e-06  6.02129e+07
       686.00000  1.19375e-06  6.02487e+07
       686.10000  1.19375e-06  6.02845e+07
       686.20000  1.19375e-06  6.03084e+07
       686.30000  1.19250e-06  6.02809e+07
       686.40000  1.19250e-06  6.03047e+07
       686.50000  1.03435e-06  5.23280e+07
       686.60000  1.03435e-06  5.23486e+07
       686.70000  1.03435e-06  5.23693e+07
       686.80000  1.03435e-06  5.23797e+07
       686.90000  1.03435e-06  5.24004e+07
       687.00000  1.03435e-06  5.24107e+07
       687.10000  1.03435e-06  5.24211e+07
       687.20000  1.03435e-06  5.24211e+07
       687.30000  1.03435e-06  5.24211e+07
       687.40000  1.03435e-06  5.24211e+07
       687.50000  1.03500e-06  5.24536e+07
       687.60000  1.03500e-06  5.24536e+07
       687.70000  1.03500e-06  5.24536e+07
       687.80000  1.03500e-06  5.24536e+07
       687.90000  1.03500e-06  5.24536e+07
       688.00000  1.03500e-06  5.24432e+07
       688.10000  1.03500e-06  5.24432e+07
       688.20000  1.03500e-06  5.24432e+07
       688.30000  1.03500e-06  5.24329e+07
       688.40000  1.03500e-06  5.24329e+07
       688.50000  7.88713e-07  3.99483e+07
       688.60000  7.88713e-07  3.99404e+07
       688.70000  7.88713e-07  3.99404e+07
       688.80000  7.87707e-07  3.98816e+07
       688.90000  7.87707e-07  3.98737e+07
       689.00000  7.87707e-07  3.98659e+07
       689.10000  7.87707e-07  3.98580e+07
       689.20000  7.87707e-07  3.98501e+07
       689.30000  7.87707e-07  3.98422e+07
       689.40000  7.87707e-07  3.98343e+07
       689.50000  7.42597e-07  3.75457e+07
       689.60000  7.42597e-07  3.75383e+07
       689.70000  7.42597e-07  3.75234e+07
       689.80000  7.42597e-07  3.75160e+07
       689.90000  7.42597e-07  3.75086e+07
       690.00000  7.42597e-07  3.74937e+07
       690.10000  7.42597e-07  3.74789e+07
       690.20000  7.42597e-07  3.74715e+07
       690.30000  7.42597e-07  3.74566e+07
       690.40000  7.42597e-07  3.74418e+07
       690.50000  6.39293e-07  3.22267e+07
       690.60000  6.39293e-07  3.22140e+07
       690.70000  6.39293e-07  3.22012e+07
       690.80000  6.39293e-07  3.21884e+07
       690.90000  6.39293e-07  3.21756e+07
       691.00000  6.39293e-07  3.21628e+07
       691.10000  6.39293e-07  3.21756e+07
       691.20000  6.39293e-07  3.21820e+07
       691.30000  6.38682e-07  3.21640e+07
       691.40000  6.38682e-07  3.21704e+07
       691.50000  4.87177e-07  2.45440e+07
       691.60000  4.87177e-07  2.45537e+07
       691.70000  4.87177e-07  2.45586e+07
       691.80000  4.87177e-07  2.45634e+07
       691.90000  4.87177e-07  2.45683e+07
       692.00000  4.87177e-07  2.45683e+07
       692.10000  4.87177e-07  2.45732e+07
       692.20000  4.87177e-07  2.45781e+07
       692.30000  4.87177e-07  2.45781e+07
       692.40000  4.87177e-07  2.45781e+07
       692.50000  5.39739e-07  2.72352e+07
       692.60000  5.39739e-07  2.72352e+07
       692.70000  5.39739e-07  2.72352e+07
       692.80000  5.39739e-07  2.72352e+07
       692.90000  5.39739e-07  2.72352e+07
       693.00000  5.39739e-07  2.72298e+07
       693.10000  5.39739e-07  2.72298e+07
       693.20000  5.39739e-07  2.72244e+07
       693.30000  5.39739e-07  2.72190e+07
       693.40000  5.39739e-07  2.72136e+07
       693.50000  3.97836e-07  2.00549e+07
       693.60000  3.97836e-07  2.00509e+07
       693.70000  3.97836e-07  2.00470e+07
       693.80000  3.96258e-07  1.99635e+07
       693.90000  3.96258e-07  1.99555e+07
       694.00000  3.96258e-07  1.99516e+07
       694.10000  3.96258e-07  1.99476e+07
       694.20000  3.96258e-07  1.99397e+07
       694.30000  3.96258e-07  1.99357e+07
       694.40000  3.96258e-07  1.99278e+07
       694.50000  2.92529e-07  1.47054e+07
       694.60000  2.92529e-07  1.47025e+07
       694.70000  2.92529e-07  1.46967e+07
       694.80000  2.92529e-07  1.46908e+07
       694.90000  2.92529e-07  1.46850e+07
       695.00000  2.92529e-07  1.46791e+07
       695.10000  2.92529e-07  1.46733e+07
       695.20000  2.92529e-07  1.46674e+07
       695.30000  2.92529e-07  1.46586e+07
       695.40000  2.92529e-07  1.46528e+07
       695.50000  3.44242e-07  1.72362e+07
       695.60000  3.44242e-07  1.72259e+07
       695.70000  3.44242e-07  1.72190e+07
       695.80000  3.44242e-07  1.72087e+07
       695.90000  3.44242e-07  1.71983e+07
       696.00000  3.44242e-07  1.71915e+07
       696.10000  3.44242e-07  1.71811e+07
       696.20000  3.44242e-07  1.71708e+07
       696.30000  3.43904e-07  1.71436e+07
       696.40000  3.43904e-07  1.71333e+07
       696.50000  4.71348e-07  2.34684e+07
       696.60000  4.71348e-07  2.34543e+07
       696.70000  4.71348e-07  2.34354e+07
       696.80000  4.71348e-07  2.34213e+07
       696.90000  4.71348e-07  2.34072e+07
       697.00000  4.71348e-07  2.33883e+07
       697.10000  4.71348e-07  2.34213e+07
       697.20000  4.71348e-07  2.34449e+07
       697.30000  4.71348e-07  2.34732e+07
       697.40000  4.71348e-07  2.34967e+07
       697.50000  3.65116e-07  1.82193e+07
       697.60000  3.65116e-07  1.82339e+07
       697.70000  3.65116e-07  1.82485e+07
       697.80000  3.65116e-07  1.82595e+07
       697.90000  3.65116e-07  1.82704e+07
       698.00000  3.65116e-07  1.82777e+07
       698.10000  3.65116e-07  1.82850e+07
       698.20000  3.65116e-07  1.82923e+07
       698.30000  3.65116e-07  1.82960e+07
       698.40000  3.65116e-07  1.82996e+07
       698.50000  4.22088e-07  2.11593e+07
       698.60000  4.22088e-07  2.11593e+07
       698.70000  4.22088e-07  2.11550e+07
       698.80000  4.21367e-07  2.11147e+07
       698.90000  4.21367e-07  2.11105e+07
       699.00000  4.21367e-07  2.11021e+07
       699.10000  4.21367e-07  2.10642e+07
       699.20000  4.21367e-07  2.10220e+07
       699.30000  4.21367e-07  2.09883e+07
       699.40000  4.21367e-07  2.09504e+07
       699.50000  3.61780e-07  1.79588e+07
       699.60000  3.61780e-07  1.79298e+07
       699.70000  3.61780e-07  1.79045e+07
       699.80000  3.61780e-07  1.78792e+07
       699.90000  3.61780e-07  1.78538e+07
       700.00000  3.61780e-07  1.78321e+07
       700.10000  3.61780e-07  1.78104e+07
       700.20000  3.61780e-07  1.77887e+07
       700.30000  3.61780e-07  1.77706e+07
       700.40000  3.61780e-07  1.77526e+07
       700.50000  2.66882e-07  1.30825e+07
       700.60000  2.66882e-07  1.30719e+07
       700.70000  2.66882e-07  1.30612e+07
       700.80000  2.66882e-07  1.30532e+07
       700.90000  2.66882e-07  1.30452e+07
       701.00000  2.66882e-07  1.30372e+07
       701.10000  2.66882e-07  1.30345e+07
       701.20000  2.66882e-07  1.30318e+07
       701.30000  2.66700e-07  1.30203e+07
       701.40000  2.66700e-07  1.30203e+07
       701.50000  3.62439e-07  1.76943e+07
       701.60000  3.62439e-07  1.76943e+07
       701.70000  3.62439e-07  1.76943e+07
       701.80000  3.62439e-07  1.76979e+07
       701.90000  3.62439e-07  1.76979e+07
       702.00000  3.62439e-07  1.77015e+07
       702.10000  3.62439e-07  1.77088e+07
       702.20000  3.62439e-07  1.77124e+07
       702.30000  3.62439e-07  1.77197e+07
       702.40000  3.62439e-07  1.77233e+07
       702.50000  3.52008e-07  1.72202e+07
       702.60000  3.52008e-07  1.72308e+07
       702.70000  3.52008e-07  1.72378e+07
       702.80000  3.52008e-07  1.72484e+07
       702.90000  3.52008e-07  1.72589e+07
       703.00000  3.52008e-07  1.72695e+07
       703.10000  3.52008e-07  1.73012e+07
       703.20000  3.52008e-07  1.73329e+07
       703.30000  3.52008e-07  1.73610e+07
       703.40000  3.52008e-07  1.73892e+07
       703.50000  2.30210e-07  1.13885e+07
       703.60000  2.30210e-07  1.14069e+07
       703.70000  2.30210e-07  1.14207e+07
       703.80000  2.29591e-07  1.14061e+07
       703.90000  2.29591e-07  1.14198e+07
       704.00000  2.29591e-07  1.14313e+07
       704.10000  2.29591e-07  1.14451e+07
       704.20000  2.29591e-07  1.14566e+07
       704.30000  2.29591e-07  1.14658e+07
       704.40000  2.29591e-07  1.14749e+07
       704.50000  3.86737e-07  1.93446e+07
       704.60000  3.86737e-07  1.93601e+07
       704.70000  3.86737e-07  1.93717e+07
       704.80000  3.86737e-07  1.93794e+07
       704.90000  3.86737e-07  1.93910e+07
       705.00000  3.86737e-07  1.93988e+07
       705.10000  3.86737e-07  1.94026e+07
       705.20000  3.86737e-07  1.94065e+07
       705.30000  3.86737e-07  1.94104e+07
       705.40000  3.86737e-07  1.94142e+07
       705.50000  3.39052e-07  1.70204e+07
       705.60000  3.39052e-07  1.70204e+07
       705.70000  3.39052e-07  1.70170e+07
       705.80000  3.39052e-07  1.70136e+07
       705.90000  3.39052e-07  1.70102e+07
       706.00000  3.39052e-07  1.70034e+07
       706.10000  3.39052e-07  1.69967e+07
       706.20000  3.39052e-07  1.69865e+07
       706.30000  3.39306e-07  1.69891e+07
       706.40000  3.39306e-07  1.69789e+07
       706.50000  1.75137e-07  8.75684e+06
       706.60000  1.75137e-07  8.74984e+06
       706.70000  1.75137e-07  8.74283e+06
       706.80000  1.75137e-07  8.73407e+06
       706.90000  1.75137e-07  8.72532e+06
       707.00000  1.75137e-07  8.71656e+06
       707.10000  1.75137e-07  8.70955e+06
       707.20000  1.75137e-07  8.70430e+06
       707.30000  1.75137e-07  8.69730e+06
       707.40000  1.75137e-07  8.69204e+06
       707.50000  3.56025e-07  1.76588e+07
       707.60000  3.56025e-07  1.76481e+07
       707.70000  3.56025e-07  1.76410e+07
       707.80000  3.56025e-07  1.76303e+07
       707.90000  3.56025e-07  1.76232e+07
       708.00000  3.56025e-07  1.76161e+07
       708.10000  3.56025e-07  1.76090e+07
       708.20000  3.56025e-07  1.76019e+07
       708.30000  3.56025e-07  1.75947e+07
       708.40000  3.56025e-07  1.75876e+07
       708.50000  2.10880e-07  1.04154e+07
       708.60000  2.10880e-07  1.04111e+07
       708.70000  2.10880e-07  1.04090e+07
       708.80000  2.10162e-07  1.03715e+07
       708.90000  2.10162e-07  1.03694e+07
       709.00000  2.10162e-07  1.03694e+07
       709.10000  2.10162e-07  1.03736e+07
       709.20000  2.10162e-07  1.03778e+07
       709.30000  2.10162e-07  1.03799e+07
       709.40000  2.10162e-07  1.03841e+07
       709.50000  3.60648e-07  1.78232e+07
       709.60000  3.60648e-07  1.78304e+07
       709.70000  3.60648e-07  1.78340e+07
       709.80000  3.60648e-07  1.78376e+07
       709.90000  3.60648e-07  1.78412e+07
       710.00000  3.60648e-07  1.78449e+07
       710.10000  3.60648e-07  1.78485e+07
       710.20000  3.60648e-07  1.78521e+07
       710.30000  3.60648e-07  1.78521e+07
       710.40000  3.60648e-07  1.78557e+07
       710.50000  2.61553e-07  1.29495e+07
       710.60000  2.61553e-07  1.29495e+07
       710.70000  2.61553e-07  1.29495e+07
       710.80000  2.61553e-07  1.29495e+07
       710.90000  2.61553e-07  1.29495e+07
       711.00000  2.61553e-07  1.29495e+07
       711.10000  2.61553e-07  1.29495e+07
       711.20000  2.61553e-07  1.29469e+07
       711.30000  2.61609e-07  1.29497e+07
       711.40000  2.61609e-07  1.29470e+07
       711.50000  3.17715e-07  1.57206e+07
       711.60000  3.17715e-07  1.57174e+07
       711.70000  3.17715e-07  1.57142e+07
       711.80000  3.17715e-07  1.57110e+07
       711.90000  3.17715e-07  1.57078e+07
       712.00000  3.17715e-07  1.57015e+07
       712.10000  3.17715e-07  1.56983e+07
       712.20000  3.17715e-07  1.56920e+07
       712.30000  3.17715e-07  1.56888e+07
       712.40000  3.17715e-07  1.56824e+07
       712.50000  2.98279e-07  1.47171e+07
       712.60000  2.98279e-07  1.47111e+07
       712.70000  2.98279e-07  1.47022e+07
       712.80000  2.98279e-07  1.46962e+07
       712.90000  2.98279e-07  1.46902e+07
       713.00000  2.98279e-07  1.46813e+07
       713.10000  2.98279e-07  1.46813e+07
       713.20000  2.98279e-07  1.46813e+07
       713.30000  2.98279e-07  1.46813e+07
       713.40000  2.98279e-07  1.46783e+07
       713.50000  3.02157e-07  1.48691e+07
       713.60000  3.02157e-07  1.48691e+07
       713.70000  3.02157e-07  1.48661e+07
       713.80000  3.02086e-07  1.48626e+07
       713.90000  3.02086e-07  1.48596e+07
       714.00000  3.02086e-07  1.48596e+07
       714.10000  3.02086e-07  1.48566e+07
       714.20000  3.02086e-07  1.48536e+07
       714.30000  3.02086e-07  1.48536e+07
       714.40000  3.02086e-07  1.48506e+07
       714.50000  2.55786e-07  1.25719e+07
       714.60000  2.55786e-07  1.25693e+07
       714.70000  2.55786e-07  1.25693e+07
       714.80000  2.55786e-07  1.25668e+07
       714.90000  2.55786e-07  1.25642e+07
       715.00000  2.55786e-07  1.25617e+07
       715.10000  2.55786e-07  1.25591e+07
       715.20000  2.55786e-07  1.25591e+07
       715.30000  2.55786e-07  1.25591e+07
       715.40000  2.55786e-07  1.25565e+07
       715.50000  3.51727e-07  1.72627e+07
       715.60000  3.51727e-07  1.72592e+07
       715.70000  3.51727e-07  1.72557e+07
       715.80000  3.51727e-07  1.72522e+07
       715.90000  3.51727e-07  1.72487e+07
       716.00000  3.51727e-07  1.72416e+07
       716.10000  3.51727e-07  1.72381e+07
       716.20000  3.51727e-07  1.72311e+07
       716.30000  3.51220e-07  1.71992e+07
       716.40000  3.51220e-07  1.71922e+07
       716.50000  2.40988e-07  1.17915e+07
       716.60000  2.40988e-07  1.17867e+07
       716.70000  2.40988e-07  1.17819e+07
       716.80000  2.40988e-07  1.17747e+07
       716.90000  2.40988e-07  1.17699e+07
       717.00000  2.40988e-07  1.17626e+07
       717.10000  2.40988e-07  1.17554e+07
       717.20000  2.40988e-07  1.17482e+07
       717.30000  2.40988e-07  1.17409e+07
       717.40000  2.40988e-07  1.17337e+07
       717.50000  2.51686e-07  1.22470e+07
       717.60000  2.51686e-07  1.22370e+07
       717.70000  2.51686e-07  1.22294e+07
       717.80000  2.51686e-07  1.22193e+07
       717.90000  2.51686e-07  1.22093e+07
       718.00000  2.51686e-07  1.21992e+07
       718.10000  2.51686e-07  1.21891e+07
       718.20000  2.51686e-07  1.21791e+07
       718.30000  2.51686e-07  1.21690e+07
       718.40000  2.51686e-07  1.21564e+07
       718.50000  3.58655e-07  1.73087e+07
       718.60000  3.58655e-07  1.72908e+07
       718.70000  3.58655e-07  1.72728e+07
       718.80000  3.57182e-07  1.71840e+07
       718.90000  3.57182e-07  1.71662e+07
       719.00000  3.57182e-07  1.71483e+07
       719.10000  3.57182e-07  1.71483e+07
       719.20000  3.57182e-07  1.71483e+07
       719.30000  3.57182e-07  1.71483e+07
       719.40000  3.57182e-07  1.71519e+07
       719.50000  2.97756e-07  1.42982e+07
       719.60000  2.97756e-07  1.43012e+07
       719.70000  2.97756e-07  1.43012e+07
       719.80000  2.97756e-07  1.43042e+07
       719.90000  2.97756e-07  1.43072e+07
       720.00000  2.97756e-07  1.43131e+07
       720.10000  2.97756e-07  1.43161e+07
       720.20000  2.97756e-07  1.43191e+07
       720.30000  2.97756e-07  1.43250e+07
       720.40000  2.97756e-07  1.43280e+07
       720.50000  6.10418e-07  2.93855e+07
       720.60000  6.10418e-07  2.93977e+07
       720.70000  6.10418e-07  2.94099e+07
       720.80000  6.10418e-07  2.94221e+07
       720.90000  6.10418e-07  2.94404e+07
       721.00000  6.10418e-07  2.94526e+07
       721.10000  6.10418e-07  2.94832e+07
       721.20000  6.10418e-07  2.95137e+07
       721.30000  6.09175e-07  2.94841e+07
       721.40000  6.09175e-07  2.95084e+07
       721.50000  8.98570e-07  4.35716e+07
       721.60000  8.98570e-07  4.36076e+07
       721.70000  8.98570e-07  4.36435e+07
       721.80000  8.98570e-07  4.36885e+07
       721.90000  8.98570e-07  4.37244e+07
       722.00000  8.98570e-07  4.37514e+07
       722.10000  8.98570e-07  4.37873e+07
       722.20000  8.98570e-07  4.38232e+07
       722.30000  8.98570e-07  4.38502e+07
       722.40000  8.98570e-07  4.38772e+07
       722.50000  1.40629e-06  6.87113e+07
       722.60000  1.40629e-06  6.87676e+07
       722.70000  1.40629e-06  6.87957e+07
       722.80000  1.40629e-06  6.88379e+07
       722.90000  1.40629e-06  6.88801e+07
       723.00000  1.40629e-06  6.89082e+07
       723.10000  1.40629e-06  6.89504e+07
       723.20000  1.40629e-06  6.89785e+07
       723.30000  1.40629e-06  6.90066e+07
       723.40000  1.40629e-06  6.90348e+07
       723.50000  1.68317e-06  8.26605e+07
       723.60000  1.68317e-06  8.26773e+07
       723.70000  1.68317e-06  8.27110e+07
       723.80000  1.67801e-06  8.24740e+07
       723.90000  1.67801e-06  8.24907e+07
       724.00000  1.67801e-06  8.25075e+07
       724.10000  1.67801e-06  8.25243e+07
       724.20000  1.67801e-06  8.25411e+07
       724.30000  1.67801e-06  8.25579e+07
       724.40000  1.67801e-06  8.25746e+07
       724.50000  3.36109e-06  1.65399e+08
       724.60000  3.36109e-06  1.65399e+08
       724.70000  3.36109e-06  1.65399e+08
       724.80000  3.36109e-06  1.65399e+08
       724.90000  3.36109e-06  1.65399e+08
       725.00000  3.36109e-06  1.65399e+08
       725.10000  3.36109e-06  1.65466e+08
       725.20000  3.36109e-06  1.65533e+08
       725.30000  3.36109e-06  1.65567e+08
       725.40000  3.36109e-06  1.65634e+08
       725.50000  3.37058e-06  1.66136e+08
       725.60000  3.37058e-06  1.66170e+08
       725.70000  3.37058e-06  1.66170e+08
       725.80000  3.37058e-06  1.66203e+08
       725.90000  3.37058e-06  1.66203e+08
       726.00000  3.37058e-06  1.66203e+08
       726.10000  3.37058e-06  1.66203e+08
       726.20000  3.37058e-06  1.66203e+08
       726.30000  3.36181e-06  1.65737e+08
       726.40000  3.36181e-06  1.65704e+08
       726.50000  3.35365e-06  1.65268e+08
       726.60000  3.35365e-06  1.65234e+08
       726.70000  3.35365e-06  1.65201e+08
       726.80000  3.35365e-06  1.65134e+08
       726.90000  3.35365e-06  1.65067e+08
       727.00000  3.35365e-06  1.65000e+08
       727.10000  3.35365e-06  1.64765e+08
       727.20000  3.35365e-06  1.64530e+08
       727.30000  3.35365e-06  1.64295e+08
       727.40000  3.35365e-06  1.64094e+08
       727.50000  3.36313e-06  1.64356e+08
       727.60000  3.36313e-06  1.64154e+08
       727.70000  3.36313e-06  1.63986e+08
       727.80000  3.36313e-06  1.63818e+08
       727.90000  3.36313e-06  1.63650e+08
       728.00000  3.36313e-06  1.63515e+08
       728.10000  3.36313e-06  1.63381e+08
       728.20000  3.36313e-06  1.63246e+08
       728.30000  3.36313e-06  1.63112e+08
       728.40000  3.36313e-06  1.63011e+08
       728.50000  3.36819e-06  1.63155e+08
       728.60000  3.36819e-06  1.63088e+08
       728.70000  3.36819e-06  1.62987e+08
       728.80000  3.36890e-06  1.62988e+08
       728.90000  3.36890e-06  1.62920e+08
       729.00000  3.36890e-06  1.62886e+08
       729.10000  3.36890e-06  1.62853e+08
       729.20000  3.36890e-06  1.62819e+08
       729.30000  3.36890e-06  1.62819e+08
       729.40000  3.36890e-06  1.62785e+08
       729.50000  1.68919e-06  8.16386e+07
       729.60000  1.68919e-06  8.16386e+07
       729.70000  1.68919e-06  8.16555e+07
       729.80000  1.68919e-06  8.16724e+07
       729.90000  1.68919e-06  8.17062e+07
       730.00000  1.68919e-06  8.17400e+07
       730.10000  1.68919e-06  8.17738e+07
       730.20000  1.68919e-06  8.18076e+07
       730.30000  1.68919e-06  8.18582e+07
       730.40000  1.68919e-06  8.19089e+07
       730.50000  1.68511e-06  8.17616e+07
       730.60000  1.68511e-06  8.18290e+07
       730.70000  1.68511e-06  8.18964e+07
       730.80000  1.68511e-06  8.19638e+07
       730.90000  1.68511e-06  8.20481e+07
       731.00000  1.68511e-06  8.21323e+07
       731.10000  1.68511e-06  8.21155e+07
       731.20000  1.68511e-06  8.20986e+07
       731.30000  1.68387e-06  8.20213e+07
       731.40000  1.68387e-06  8.20213e+07
       731.50000  1.52080e-06  7.40630e+07
       731.60000  1.52080e-06  7.40478e+07
       731.70000  1.52080e-06  7.40325e+07
       731.80000  1.52080e-06  7.40325e+07
       731.90000  1.52080e-06  7.40173e+07
       732.00000  1.52080e-06  7.40021e+07
       732.10000  1.52080e-06  7.39869e+07
       732.20000  1.52080e-06  7.39717e+07
       732.30000  1.52080e-06  7.39717e+07
       732.40000  1.52080e-06  7.39565e+07
       732.50000  1.46889e-06  7.14176e+07
       732.60000  1.46889e-06  7.14030e+07
       732.70000  1.46889e-06  7.13883e+07
       732.80000  1.46889e-06  7.13736e+07
       732.90000  1.46889e-06  7.13589e+07
       733.00000  1.46889e-06  7.13442e+07
       733.10000  1.46889e-06  7.13295e+07
       733.20000  1.46889e-06  7.13001e+07
       733.30000  1.46889e-06  7.12855e+07
       733.40000  1.46889e-06  7.12561e+07
       733.50000  1.46741e-06  7.11693e+07
       733.60000  1.46741e-06  7.11547e+07
       733.70000  1.46741e-06  7.11253e+07
       733.80000  1.46499e-06  7.09932e+07
       733.90000  1.46499e-06  7.09785e+07
       734.00000  1.46499e-06  7.09639e+07
       734.10000  1.46499e-06  7.09492e+07
       734.20000  1.46499e-06  7.09346e+07
       734.30000  1.46499e-06  7.09199e+07
       734.40000  1.46499e-06  7.09199e+07
       734.50000  1.69346e-06  8.19636e+07
       734.60000  1.69346e-06  8.19467e+07
       734.70000  1.69346e-06  8.19467e+07
       734.80000  1.69346e-06  8.19298e+07
       734.90000  1.69346e-06  8.19298e+07
       735.00000  1.69346e-06  8.19128e+07
       735.10000  1.69346e-06  8.19128e+07
       735.20000  1.69346e-06  8.19128e+07
       735.30000  1.69346e-06  8.19128e+07
       735.40000  1.69346e-06  8.18959e+07
       735.50000  1.69159e-06  8.18054e+07
       735.60000  1.69159e-06  8.18054e+07
       735.70000  1.69159e-06  8.18054e+07
       735.80000  1.69159e-06  8.18223e+07
       735.90000  1.69159e-06  8.18223e+07
       736.00000  1.69159e-06  8.18223e+07
       736.10000  1.69159e-06  8.18223e+07
       736.20000  1.69159e-06  8.18392e+07
       736.30000  1.68836e-06  8.16830e+07
       736.40000  1.68836e-06  8.16999e+07
       736.50000  3.37739e-06  1.63432e+08
       736.60000  3.37739e-06  1.63465e+08
       736.70000  3.37739e-06  1.63499e+08
       736.80000  3.37739e-06  1.63499e+08
       736.90000  3.37739e-06  1.63533e+08
       737.00000  3.37739e-06  1.63567e+08
       737.10000  3.37739e-06  1.63398e+08
       737.20000  3.37739e-06  1.63195e+08
       737.30000  3.37739e-06  1.63026e+08
       737.40000  3.37739e-06  1.62858e+08
       737.50000  3.38244e-06  1.62899e+08
       737.60000  3.38244e-06  1.62729e+08
       737.70000  3.38244e-06  1.62560e+08
       737.80000  3.38244e-06  1.62391e+08
       737.90000  3.38244e-06  1.62256e+08
       738.00000  3.38244e-06  1.62087e+08
       738.10000  3.38244e-06  1.61918e+08
       738.20000  3.38244e-06  1.61748e+08
       738.30000  3.38244e-06  1.61613e+08
       738.40000  3.38244e-06  1.61478e+08
       738.50000  3.38750e-06  1.61550e+08
       738.60000  3.38750e-06  1.61415e+08
       738.70000  3.38750e-06  1.61279e+08
       738.80000  3.37327e-06  1.60467e+08
       738.90000  3.37327e-06  1.60332e+08
       739.00000  3.37327e-06  1.60197e+08
       739.10000  3.37327e-06  1.59927e+08
       739.20000  3.37327e-06  1.59691e+08
       739.30000  3.37327e-06  1.59488e+08
       739.40000  3.37327e-06  1.59286e+08
       739.50000  3.36517e-06  1.58701e+08
       739.60000  3.36517e-06  1.58533e+08
       739.70000  3.36517e-06  1.58399e+08
       739.80000  3.36517e-06  1.58230e+08
       739.90000  3.36517e-06  1.58129e+08
       740.00000  3.36517e-06  1.57995e+08
       740.10000  3.36517e-06  1.57927e+08
       740.20000  3.36517e-06  1.57827e+08
       740.30000  3.36517e-06  1.57759e+08
       740.40000  3.36517e-06  1.57726e+08
       740.50000  5.04874e-06  2.36584e+08
       740.60000  5.04874e-06  2.36534e+08
       740.70000  5.04874e-06  2.36534e+08
       740.80000  5.04874e-06  2.36534e+08
       740.90000  5.04874e-06  2.36584e+08
       741.00000  5.04874e-06  2.36635e+08
       741.10000  5.04874e-06  2.36736e+08
       741.20000  5.04874e-06  2.36837e+08
       741.30000  5.04531e-06  2.36776e+08
       741.40000  5.04531e-06  2.36928e+08
       741.50000  3.38610e-06  1.59113e+08
       741.60000  3.38610e-06  1.59248e+08
       741.70000  3.38610e-06  1.59418e+08
       741.80000  3.38610e-06  1.59553e+08
       741.90000  3.38610e-06  1.59756e+08
       742.00000  3.38610e-06  1.59925e+08
       742.10000  3.38610e-06  1.60129e+08
       742.20000  3.38610e-06  1.60366e+08
       742.30000  3.38610e-06  1.60603e+08
       742.40000  3.38610e-06  1.60840e+08
       742.50000  3.37362e-06  1.60517e+08
       742.60000  3.37362e-06  1.60787e+08
       742.70000  3.37362e-06  1.61090e+08
       742.80000  3.37362e-06  1.61394e+08
       742.90000  3.37362e-06  1.61731e+08
       743.00000  3.37362e-06  1.62069e+08
       743.10000  3.37362e-06  1.62001e+08
       743.20000  3.37362e-06  1.61967e+08
       743.30000  3.37362e-06  1.61934e+08
       743.40000  3.37362e-06  1.61866e+08
       743.50000  3.38742e-06  1.62495e+08
       743.60000  3.38742e-06  1.62461e+08
       743.70000  3.38742e-06  1.62427e+08
       743.80000  3.38591e-06  1.62320e+08
       743.90000  3.38591e-06  1.62287e+08
       744.00000  3.38591e-06  1.62253e+08
       744.10000  3.38591e-06  1.62253e+08
       744.20000  3.38591e-06  1.62219e+08
       744.30000  3.38591e-06  1.62219e+08
       744.40000  3.38591e-06  1.62219e+08
       744.50000  1.69767e-06  8.13182e+07
       744.60000  1.69767e-06  8.13182e+07
       744.70000  1.69767e-06  8.13182e+07
       744.80000  1.69767e-06  8.13182e+07
       744.90000  1.69767e-06  8.13352e+07
       745.00000  1.69767e-06  8.13352e+07
       745.10000  1.69767e-06  8.13861e+07
       745.20000  1.69767e-06  8.14370e+07
       745.30000  1.69767e-06  8.14710e+07
       745.40000  1.69767e-06  8.15219e+07
       745.50000  1.68176e-06  8.07918e+07
       745.60000  1.68176e-06  8.08254e+07
       745.70000  1.68176e-06  8.08591e+07
       745.80000  1.68176e-06  8.08927e+07
       745.90000  1.68176e-06  8.09095e+07
       746.00000  1.68176e-06  8.09432e+07
       746.10000  1.68176e-06  8.09600e+07
       746.20000  1.68176e-06  8.09768e+07
       746.30000  1.67409e-06  8.06242e+07
       746.40000  1.67409e-06  8.06410e+07
       746.50000  1.24974e-06  6.02123e+07
       746.60000  1.24974e-06  6.02123e+07
       746.70000  1.24974e-06  6.02247e+07
       746.80000  1.24974e-06  6.02247e+07
       746.90000  1.24974e-06  6.02247e+07
       747.00000  1.24974e-06  6.02247e+07
       747.10000  1.24974e-06  6.01873e+07
       747.20000  1.24974e-06  6.01623e+07
       747.30000  1.24974e-06  6.01373e+07
       747.40000  1.24974e-06  6.01123e+07
       747.50000  1.02487e-06  4.92760e+07
       747.60000  1.02487e-06  4.92555e+07
       747.70000  1.02487e-06  4.92350e+07
       747.80000  1.02487e-06  4.92145e+07
       747.90000  1.02487e-06  4.91940e+07
       748.00000  1.02487e-06  4.91735e+07
       748.10000  1.02487e-06  4.91632e+07
       748.20000  1.02487e-06  4.91427e+07
       748.30000  1.02487e-06  4.91222e+07
       748.40000  1.02487e-06  4.91120e+07
       748.50000  9.40292e-07  4.50400e+07
       748.60000  9.40292e-07  4.50212e+07
       748.70000  9.40292e-07  4.50118e+07
       748.80000  9.36977e-07  4.48343e+07
       748.90000  9.36977e-07  4.48250e+07
       749.00000  9.36977e-07  4.48156e+07
       749.10000  9.36977e-07  4.47968e+07
       749.20000  9.36977e-07  4.47875e+07
       749.30000  9.36977e-07  4.47781e+07
       749.40000  9.36977e-07  4.47687e+07
       749.50000  6.81428e-07  3.25518e+07
       749.60000  6.81428e-07  3.25450e+07
       749.70000  6.81428e-07  3.25314e+07
       749.80000  6.81428e-07  3.25246e+07
       749.90000  6.81428e-07  3.25246e+07
       750.00000  6.81428e-07  3.25178e+07
       750.10000  6.81428e-07  3.25109e+07
       750.20000  6.81428e-07  3.25041e+07
       750.30000  6.81428e-07  3.24973e+07
       750.40000  6.81428e-07  3.24973e+07
       750.50000  6.35033e-07  3.02784e+07
       750.60000  6.35033e-07  3.02720e+07
       750.70000  6.35033e-07  3.02720e+07
       750.80000  6.35033e-07  3.02657e+07
       750.90000  6.35033e-07  3.02657e+07
       751.00000  6.35033e-07  3.02593e+07
       751.10000  6.35033e-07  3.02593e+07
       751.20000  6.35033e-07  3.02593e+07
       751.30000  6.33612e-07  3.01853e+07
       751.40000  6.33612e-07  3.01853e+07
       751.50000  5.36995e-07  2.55824e+07
       751.60000  5.36995e-07  2.55824e+07
       751.70000  5.36995e-07  2.55824e+07
       751.80000  5.36995e-07  2.55824e+07
       751.90000  5.36995e-07  2.55824e+07
       752.00000  5.36995e-07  2.55824e+07
       752.10000  5.36995e-07  2.55824e+07
       752.20000  5.36995e-07  2.55824e+07
       752.30000  5.36995e-07  2.55824e+07
       752.40000  5.36995e-07  2.55824e+07
       752.50000  5.00370e-07  2.38427e+07
       752.60000  5.00370e-07  2.38427e+07
       752.70000  5.00370e-07  2.38427e+07
       752.80000  5.00370e-07  2.38477e+07
       752.90000  5.00370e-07  2.38477e+07
       753.00000  5.00370e-07  2.38527e+07
       753.10000  5.00370e-07  2.38527e+07
       753.20000  5.00370e-07  2.38527e+07
       753.30000  5.00370e-07  2.38527e+07
       753.40000  5.00370e-07  2.38527e+07
       753.50000  5.77768e-07  2.75422e+07
       753.60000  5.77768e-07  2.75422e+07
       753.70000  5.77768e-07  2.75422e+07
       753.80000  5.77477e-07  2.75283e+07
       753.90000  5.77477e-07  2.75283e+07
       754.00000  5.77477e-07  2.75283e+07
       754.10000  5.77477e-07  2.75283e+07
       754.20000  5.77477e-07  2.75225e+07
       754.30000  5.77477e-07  2.75225e+07
       754.40000  5.77477e-07  2.75225e+07
       754.50000  5.32274e-07  2.53682e+07
       754.60000  5.32274e-07  2.53682e+07
       754.70000  5.32274e-07  2.53628e+07
       754.80000  5.32274e-07  2.53628e+07
       754.90000  5.32274e-07  2.53575e+07
       755.00000  5.32274e-07  2.53575e+07
       755.10000  5.32274e-07  2.53522e+07
       755.20000  5.32274e-07  2.53522e+07
       755.30000  5.32274e-07  2.53469e+07
       755.40000  5.32274e-07  2.53469e+07
       755.50000  3.86589e-07  1.84055e+07
       755.60000  3.86589e-07  1.84016e+07
       755.70000  3.86589e-07  1.84016e+07
       755.80000  3.86589e-07  1.83978e+07
       755.90000  3.86589e-07  1.83939e+07
       756.00000  3.86589e-07  1.83939e+07
       756.10000  3.86589e-07  1.83900e+07
       756.20000  3.86589e-07  1.83862e+07
       756.30000  3.85973e-07  1.83530e+07
       756.40000  3.85973e-07  1.83530e+07
       756.50000  4.49497e-07  2.13691e+07
       756.60000  4.49497e-07  2.13646e+07
       756.70000  4.49497e-07  2.13601e+07
       756.80000  4.49497e-07  2.13601e+07
       756.90000  4.49497e-07  2.13556e+07
       757.00000  4.49497e-07  2.13511e+07
       757.10000  4.49497e-07  2.13466e+07
       757.20000  4.49497e-07  2.13421e+07
       757.30000  4.49497e-07  2.13421e+07
       757.40000  4.49497e-07  2.13376e+07
       757.50000  5.11419e-07  2.42719e+07
       757.60000  5.11419e-07  2.42668e+07
       757.70000  5.11419e-07  2.42617e+07
       757.80000  5.11419e-07  2.42566e+07
       757.90000  5.11419e-07  2.42515e+07
       758.00000  5.11419e-07  2.42515e+07
       758.10000  5.11419e-07  2.42464e+07
       758.20000  5.11419e-07  2.42413e+07
       758.30000  5.11419e-07  2.42361e+07
       758.40000  5.11419e-07  2.42310e+07
       758.50000  4.84647e-07  2.29577e+07
       758.60000  4.84647e-07  2.29529e+07
       758.70000  4.84647e-07  2.29480e+07
       758.80000  4.83339e-07  2.28813e+07
       758.90000  4.83339e-07  2.28764e+07
       759.00000  4.83339e-07  2.28716e+07
       759.10000  4.83339e-07  2.28716e+07
       759.20000  4.83339e-07  2.28668e+07
       759.30000  4.83339e-07  2.28668e+07
       759.40000  4.83339e-07  2.28619e+07
       759.50000  6.20875e-07  2.93674e+07
       759.60000  6.20875e-07  2.93674e+07
       759.70000  6.20875e-07  2.93612e+07
       759.80000  6.20875e-07  2.93612e+07
       759.90000  6.20875e-07  2.93612e+07
       760.00000  6.20875e-07  2.93612e+07
       760.10000  6.20875e-07  2.93612e+07
       760.20000  6.20875e-07  2.93612e+07
       760.30000  6.20875e-07  2.93674e+07
       760.40000  6.20875e-07  2.93674e+07
       760.50000  6.40067e-07  3.02752e+07
       760.60000  6.40067e-07  3.02816e+07
       760.70000  6.40067e-07  3.02816e+07
       760.80000  6.40067e-07  3.02880e+07
       760.90000  6.40067e-07  3.02880e+07
       761.00000  6.40067e-07  3.02944e+07
       761.10000  6.40067e-07  3.03200e+07
       761.20000  6.40067e-07  3.03392e+07
       761.30000  6.38737e-07  3.02953e+07
       761.40000  6.38737e-07  3.03144e+07
       761.50000  5.90430e-07  2.80395e+07
       761.60000  5.90430e-07  2.80513e+07
       761.70000  5.90430e-07  2.80631e+07
       761.80000  5.90430e-07  2.80749e+07
       761.90000  5.90430e-07  2.80868e+07
       762.00000  5.90430e-07  2.80927e+07
       762.10000  5.90430e-07  2.81045e+07
       762.20000  5.90430e-07  2.81104e+07
       762.30000  5.90430e-07  2.81163e+07
       762.40000  5.90430e-07  2.81163e+07
       762.50000  5.68204e-07  2.70579e+07
       762.60000  5.68204e-07  2.70636e+07
       762.70000  5.68204e-07  2.70636e+07
       762.80000  5.68204e-07  2.70579e+07
       762.90000  5.68204e-07  2.70579e+07
       763.00000  5.68204e-07  2.70522e+07
       763.10000  5.68204e-07  2.70465e+07
       763.20000  5.68204e-07  2.70408e+07
       763.30000  5.68204e-07  2.70295e+07
       763.40000  5.68204e-07  2.70181e+07
       763.50000  6.34320e-07  3.01492e+07
       763.60000  6.34320e-07  3.01365e+07
       763.70000  6.34320e-07  3.01239e+07
       763.80000  6.32696e-07  3.00278e+07
       763.90000  6.32696e-07  3.00088e+07
       764.00000  6.32696e-07  2.99898e+07
       764.10000  6.32696e-07  2.99708e+07
       764.20000  6.32696e-07  2.99455e+07
       764.30000  6.32696e-07  2.99202e+07
       764.40000  6.32696e-07  2.98949e+07
       764.50000  6.10091e-07  2.88024e+07
       764.60000  6.10091e-07  2.87780e+07
       764.70000  6.10091e-07  2.87475e+07
       764.80000  6.10091e-07  2.87170e+07
       764.90000  6.10091e-07  2.86865e+07
       765.00000  6.10091e-07  2.86499e+07
       765.10000  6.10091e-07  2.85827e+07
       765.20000  6.10091e-07  2.85156e+07
       765.30000  6.10091e-07  2.84546e+07
       765.40000  6.10091e-07  2.83936e+07
       765.50000  5.56764e-07  2.58617e+07
       765.60000  5.56764e-07  2.58172e+07
       765.70000  5.56764e-07  2.57671e+07
       765.80000  5.56764e-07  2.57281e+07
       765.90000  5.56764e-07  2.56891e+07
       766.00000  5.56764e-07  2.56501e+07
       766.10000  5.56764e-07  2.56167e+07
       766.20000  5.56764e-07  2.55833e+07
       766.30000  5.56750e-07  2.55548e+07
       766.40000  5.56750e-07  2.55325e+07
       766.50000  6.07750e-07  2.78471e+07
       766.60000  6.07750e-07  2.78228e+07
       766.70000  6.07750e-07  2.78106e+07
       766.80000  6.07750e-07  2.77924e+07
       766.90000  6.07750e-07  2.77802e+07
       767.00000  6.07750e-07  2.77742e+07
       767.10000  6.07750e-07  2.78046e+07
       767.20000  6.07750e-07  2.78410e+07
       767.30000  6.07750e-07  2.78714e+07
       767.40000  6.07750e-07  2.79018e+07
       767.50000  7.73966e-07  3.55715e+07
       767.60000  7.73966e-07  3.56102e+07
       767.70000  7.73966e-07  3.56489e+07
       767.80000  7.73966e-07  3.56799e+07
       767.90000  7.73966e-07  3.57186e+07
       768.00000  7.73966e-07  3.57495e+07
       768.10000  7.73966e-07  3.57805e+07
       768.20000  7.73966e-07  3.58114e+07
       768.30000  7.73966e-07  3.58346e+07
       768.40000  7.73966e-07  3.58656e+07
       768.50000  8.24791e-07  3.82456e+07
       768.60000  8.24791e-07  3.82703e+07
       768.70000  8.24791e-07  3.82950e+07
       768.80000  8.24353e-07  3.82994e+07
       768.90000  8.24353e-07  3.83242e+07
       769.00000  8.24353e-07  3.83407e+07
       769.10000  8.24353e-07  3.83654e+07
       769.20000  8.24353e-07  3.83819e+07
       769.30000  8.24353e-07  3.83984e+07
       769.40000  8.24353e-07  3.84148e+07
       769.50000  8.95790e-07  4.17528e+07
       769.60000  8.95790e-07  4.17707e+07
       769.70000  8.95790e-07  4.17796e+07
       769.80000  8.95790e-07  4.17976e+07
       769.90000  8.95790e-07  4.18065e+07
       770.00000  8.95790e-07  4.18065e+07
       770.10000  8.95790e-07  4.18155e+07
       770.20000  8.95790e-07  4.18244e+07
       770.30000  8.95790e-07  4.18244e+07
       770.40000  8.95790e-07  4.18244e+07
       770.50000  1.14516e-06  5.34674e+07
       770.60000  1.14516e-06  5.34674e+07
       770.70000  1.14516e-06  5.34674e+07
       770.80000  1.14516e-06  5.34674e+07
       770.90000  1.14516e-06  5.34559e+07
       771.00000  1.14516e-06  5.34445e+07
       771.10000  1.14516e-06  5.34903e+07
       771.20000  1.14516e-06  5.35246e+07
       771.30000  1.14165e-06  5.33951e+07
       771.40000  1.14165e-06  5.34294e+07
       771.50000  1.33033e-06  6.22995e+07
       771.60000  1.33033e-06  6.23261e+07
       771.70000  1.33033e-06  6.23661e+07
       771.80000  1.33033e-06  6.23927e+07
       771.90000  1.33033e-06  6.24060e+07
       772.00000  1.33033e-06  6.24326e+07
       772.10000  1.33033e-06  6.24459e+07
       772.20000  1.33033e-06  6.24592e+07
       772.30000  1.33033e-06  6.24725e+07
       772.40000  1.33033e-06  6.24858e+07
       772.50000  1.50983e-06  7.09166e+07
       772.60000  1.50983e-06  7.09166e+07
       772.70000  1.50983e-06  7.09166e+07
       772.80000  1.50983e-06  7.09015e+07
       772.90000  1.50983e-06  7.09015e+07
       773.00000  1.50983e-06  7.08864e+07
       773.10000  1.50983e-06  7.07958e+07
       773.20000  1.50983e-06  7.07203e+07
       773.30000  1.50983e-06  7.06298e+07
       773.40000  1.50983e-06  7.05543e+07
       773.50000  1.50311e-06  7.01651e+07
       773.60000  1.50311e-06  7.01050e+07
       773.70000  1.50311e-06  7.00448e+07
       773.80000  1.49716e-06  6.97078e+07
       773.90000  1.49716e-06  6.96480e+07
       774.00000  1.49716e-06  6.95881e+07
       774.10000  1.49716e-06  6.95432e+07
       774.20000  1.49716e-06  6.94982e+07
       774.30000  1.49716e-06  6.94683e+07
       774.40000  1.49716e-06  6.94234e+07
       774.50000  1.48299e-06  6.87368e+07
       774.60000  1.48299e-06  6.87220e+07
       774.70000  1.48299e-06  6.86923e+07
       774.80000  1.48299e-06  6.86775e+07
       774.90000  1.48299e-06  6.86626e+07
       775.00000  1.48299e-06  6.86478e+07
       775.10000  1.48299e-06  6.86478e+07
       775.20000  1.48299e-06  6.86478e+07
       775.30000  1.48299e-06  6.86478e+07
       775.40000  1.48299e-06  6.86478e+07
       775.50000  2.95633e-06  1.36878e+08
       775.60000  2.95633e-06  1.36908e+08
       775.70000  2.95633e-06  1.36937e+08
       775.80000  2.95633e-06  1.36967e+08
       775.90000  2.95633e-06  1.37026e+08
       776.00000  2.95633e-06  1.37085e+08
       776.10000  2.95633e-06  1.37144e+08
       776.20000  2.95633e-06  1.37233e+08
       776.30000  2.94884e-06  1.36973e+08
       776.40000  2.94884e-06  1.37062e+08
       776.50000  2.93181e-06  1.36359e+08
       776.60000  2.93181e-06  1.36476e+08
       776.70000  2.93181e-06  1.36593e+08
       776.80000  2.93181e-06  1.36711e+08
       776.90000  2.93181e-06  1.36857e+08
       777.00000  2.93181e-06  1.36974e+08
       777.10000  2.93181e-06  1.36916e+08
       777.20000  2.93181e-06  1.36886e+08
       777.30000  2.93181e-06  1.36828e+08
       777.40000  2.93181e-06  1.36769e+08
       777.50000  2.90735e-06  1.35570e+08
       777.60000  2.90735e-06  1.35541e+08
       777.70000  2.90735e-06  1.35482e+08
       777.80000  2.90735e-06  1.35453e+08
       777.90000  2.90735e-06  1.35424e+08
       778.00000  2.90735e-06  1.35366e+08
       778.10000  2.90735e-06  1.35337e+08
       778.20000  2.90735e-06  1.35308e+08
       778.30000  2.90735e-06  1.35279e+08
       778.40000  2.90735e-06  1.35250e+08
       778.50000  2.91951e-06  1.35816e+08
       778.60000  2.91951e-06  1.35786e+08
       778.70000  2.91951e-06  1.35757e+08
       778.80000  2.91211e-06  1.35413e+08
       778.90000  2.91211e-06  1.35413e+08
       779.00000  2.91211e-06  1.35384e+08
       779.10000  2.91211e-06  1.35442e+08
       779.20000  2.91211e-06  1.35472e+08
       779.30000  2.91211e-06  1.35530e+08
       779.40000  2.91211e-06  1.35559e+08
       779.50000  4.32621e-06  2.01428e+08
       779.60000  4.32621e-06  2.01472e+08
       779.70000  4.32621e-06  2.01515e+08
       779.80000  4.32621e-06  2.01558e+08
       779.90000  4.32621e-06  2.01601e+08
       780.00000  4.32621e-06  2.01645e+08
       780.10000  4.32621e-06  2.01645e+08
       780.20000  4.32621e-06  2.01688e+08
       780.30000  4.32621e-06  2.01688e+08
       780.40000  4.32621e-06  2.01688e+08
       780.50000  4.30591e-06  2.00741e+08
       780.60000  4.30591e-06  2.00741e+08
       780.70000  4.30591e-06  2.00741e+08
       780.80000  4.30591e-06  2.00741e+08
       780.90000  4.30591e-06  2.00741e+08
       781.00000  4.30591e-06  2.00698e+08
       781.10000  4.30591e-06  2.00698e+08
       781.20000  4.30591e-06  2.00655e+08
       781.30000  4.28197e-06  1.99497e+08
       781.40000  4.28197e-06  1.99454e+08
       781.50000  4.27774e-06  1.99214e+08
       781.60000  4.27774e-06  1.99171e+08
       781.70000  4.27774e-06  1.99129e+08
       781.80000  4.27774e-06  1.99086e+08
       781.90000  4.27774e-06  1.99000e+08
       782.00000  4.27774e-06  1.98958e+08
       782.10000  4.27774e-06  1.98872e+08
       782.20000  4.27774e-06  1.98786e+08
       782.30000  4.27774e-06  1.98744e+08
       782.40000  4.27774e-06  1.98658e+08
       782.50000  4.25216e-06  1.97385e+08
       782.60000  4.25216e-06  1.97258e+08
       782.70000  4.25216e-06  1.97173e+08
       782.80000  4.25216e-06  1.97087e+08
       782.90000  4.25216e-06  1.96960e+08
       783.00000  4.25216e-06  1.96875e+08
       783.10000  4.25216e-06  1.96960e+08
       783.20000  4.25216e-06  1.97045e+08
       783.30000  4.25216e-06  1.97130e+08
       783.40000  4.25216e-06  1.97173e+08
       783.50000  2.81411e-06  1.30546e+08
       783.60000  2.81411e-06  1.30603e+08
       783.70000  2.81411e-06  1.30631e+08
       783.80000  2.79976e-06  1.30021e+08
       783.90000  2.79976e-06  1.30077e+08
       784.00000  2.79976e-06  1.30105e+08
       784.10000  2.79976e-06  1.30133e+08
       784.20000  2.79976e-06  1.30189e+08
       784.30000  2.79976e-06  1.30217e+08
       784.40000  2.79976e-06  1.30245e+08
       784.50000  2.78272e-06  1.29480e+08
       784.60000  2.78272e-06  1.29508e+08
       784.70000  2.78272e-06  1.29536e+08
       784.80000  2.78272e-06  1.29564e+08
       784.90000  2.78272e-06  1.29591e+08
       785.00000  2.78272e-06  1.29591e+08
       785.10000  2.78272e-06  1.29591e+08
       785.20000  2.78272e-06  1.29591e+08
       785.30000  2.78272e-06  1.29591e+08
       785.40000  2.78272e-06  1.29591e+08
       785.50000  1.38289e-06  6.44011e+07
       785.60000  1.38289e-06  6.44011e+07
       785.70000  1.38289e-06  6.44011e+07
       785.80000  1.38289e-06  6.44011e+07
       785.90000  1.38289e-06  6.44011e+07
       786.00000  1.38289e-06  6.44011e+07
       786.10000  1.38289e-06  6.44011e+07
       786.20000  1.38289e-06  6.44011e+07
       786.30000  1.38057e-06  6.42932e+07
       786.40000  1.38057e-06  6.42932e+07
       786.50000  1.33147e-06  6.20067e+07
       786.60000  1.33147e-06  6.20067e+07
       786.70000  1.33147e-06  6.20067e+07
       786.80000  1.33147e-06  6.20067e+07
       786.90000  1.33147e-06  6.20067e+07
       787.00000  1.33147e-06  6.20067e+07
       787.10000  1.33147e-06  6.20067e+07
       787.20000  1.33147e-06  6.20067e+07
       787.30000  1.33147e-06  6.20067e+07
       787.40000  1.33147e-06  6.20067e+07
       787.50000  8.89972e-07  4.14460e+07
       787.60000  8.89972e-07  4.14460e+07
       787.70000  8.89972e-07  4.14460e+07
       787.80000  8.89972e-07  4.14460e+07
       787.90000  8.89972e-07  4.14460e+07
       788.00000  8.89972e-07  4.14460e+07
       788.10000  8.89972e-07  4.14460e+07
       788.20000  8.89972e-07  4.14460e+07
       788.30000  8.89972e-07  4.14460e+07
       788.40000  8.89972e-07  4.14460e+07
       788.50000  7.46999e-07  3.47878e+07
       788.60000  7.46999e-07  3.47878e+07
       788.70000  7.46999e-07  3.47878e+07
       788.80000  7.47130e-07  3.47938e+07
       788.90000  7.47130e-07  3.47938e+07
       789.00000  7.47130e-07  3.47938e+07
       789.10000  7.47130e-07  3.47789e+07
       789.20000  7.47130e-07  3.47565e+07
       789.30000  7.47130e-07  3.47341e+07
       789.40000  7.47130e-07  3.47191e+07
       789.50000  6.14543e-07  2.85394e+07
       789.60000  6.14543e-07  2.85209e+07
       789.70000  6.14543e-07  2.85087e+07
       789.80000  6.14543e-07  2.84902e+07
       789.90000  6.14543e-07  2.84718e+07
       790.00000  6.14543e-07  2.84595e+07
       790.10000  6.14543e-07  2.84411e+07
       790.20000  6.14543e-07  2.84288e+07
       790.30000  6.14543e-07  2.84103e+07
       790.40000  6.14543e-07  2.83980e+07
       790.50000  4.25511e-07  1.96501e+07
       790.60000  4.25511e-07  1.96373e+07
       790.70000  4.25511e-07  1.96288e+07
       790.80000  4.25511e-07  1.96161e+07
       790.90000  4.25511e-07  1.96076e+07
       791.00000  4.25511e-07  1.95948e+07
       791.10000  4.25511e-07  1.95820e+07
       791.20000  4.25511e-07  1.95735e+07
       791.30000  4.24271e-07  1.95037e+07
       791.40000  4.24271e-07  1.94910e+07
       791.50000  5.21601e-07  2.39467e+07
       791.60000  5.21601e-07  2.39310e+07
       791.70000  5.21601e-07  2.39206e+07
       791.80000  5.21601e-07  2.39050e+07
       791.90000  5.21601e-07  2.38945e+07
       792.00000  5.21601e-07  2.38789e+07
       792.10000  5.21601e-07  2.38684e+07
       792.20000  5.21601e-07  2.38580e+07
       792.30000  5.21601e-07  2.38424e+07
       792.40000  5.21601e-07  2.38319e+07
       792.50000  4.24942e-07  1.94071e+07
       792.60000  4.24942e-07  1.93986e+07
       792.70000  4.24942e-07  1.93901e+07
       792.80000  4.24942e-07  1.93816e+07
       792.90000  4.24942e-07  1.93731e+07
       793.00000  4.24942e-07  1.93646e+07
       793.10000  4.24942e-07  1.93519e+07
       793.20000  4.24942e-07  1.93349e+07
       793.30000  4.24942e-07  1.93221e+07
       793.40000  4.24942e-07  1.93094e+07
       793.50000  3.90062e-07  1.77127e+07
       793.60000  3.90062e-07  1.77049e+07
       793.70000  3.90062e-07  1.76932e+07
       793.80000  3.88949e-07  1.76388e+07
       793.90000  3.88949e-07  1.76311e+07
       794.00000  3.88949e-07  1.76272e+07
       794.10000  3.88949e-07  1.76194e+07
       794.20000  3.88949e-07  1.76194e+07
       794.30000  3.88949e-07  1.76155e+07
       794.40000  3.88949e-07  1.76155e+07
       794.50000  4.36218e-07  1.97563e+07
       794.60000  4.36218e-07  1.97563e+07
       794.70000  4.36218e-07  1.97607e+07
       794.80000  4.36218e-07  1.97607e+07
       794.90000  4.36218e-07  1.97650e+07
       795.00000  4.36218e-07  1.97737e+07
       795.10000  4.36218e-07  1.98043e+07
       795.20000  4.36218e-07  1.98348e+07
       795.30000  4.36218e-07  1.98654e+07
       795.40000  4.36218e-07  1.98959e+07
       795.50000  3.63780e-07  1.66138e+07
       795.60000  3.63780e-07  1.66356e+07
       795.70000  3.63780e-07  1.66538e+07
       795.80000  3.63780e-07  1.66720e+07
       795.90000  3.63780e-07  1.66902e+07
       796.00000  3.63780e-07  1.67048e+07
       796.10000  3.63780e-07  1.67193e+07
       796.20000  3.63780e-07  1.67339e+07
       796.30000  3.63295e-07  1.67225e+07
       796.40000  3.63295e-07  1.67334e+07
       796.50000  2.86283e-07  1.31948e+07
       796.60000  2.86283e-07  1.32005e+07
       796.70000  2.86283e-07  1.32062e+07
       796.80000  2.86283e-07  1.32091e+07
       796.90000  2.86283e-07  1.32119e+07
       797.00000  2.86283e-07  1.32148e+07
       797.10000  2.86283e-07  1.32177e+07
       797.20000  2.86283e-07  1.32177e+07
       797.30000  2.86283e-07  1.32177e+07
       797.40000  2.86283e-07  1.32148e+07
       797.50000  3.06206e-07  1.41314e+07
       797.60000  3.06206e-07  1.41284e+07
       797.70000  3.06206e-07  1.41222e+07
       797.80000  3.06206e-07  1.41161e+07
       797.90000  3.06206e-07  1.41100e+07
       798.00000  3.06206e-07  1.41008e+07
       798.10000  3.06206e-07  1.40916e+07
       798.20000  3.06206e-07  1.40824e+07
       798.30000  3.06206e-07  1.40702e+07
       798.40000  3.06206e-07  1.40579e+07
       798.50000  2.47040e-07  1.13317e+07
       798.60000  2.47040e-07  1.13194e+07
       798.70000  2.47040e-07  1.13070e+07
       798.80000  2.46476e-07  1.12689e+07
       798.90000  2.46476e-07  1.12541e+07
       799.00000  2.46476e-07  1.12393e+07
       799.10000  2.46476e-07  1.12467e+07
       799.20000  2.46476e-07  1.12565e+07
       799.30000  2.46476e-07  1.12664e+07
       799.40000  2.46476e-07  1.12738e+07
       799.50000  1.87341e-07  8.57460e+06
       799.60000  1.87341e-07  8.58022e+06
       799.70000  1.87341e-07  8.58584e+06
       799.80000  1.87341e-07  8.58958e+06
       799.90000  1.87341e-07  8.59333e+06
       800.00000  1.87341e-07  8.59708e+06
